transcript_id TPM FPKM fold.change log2.FC
TRINITY_DN10025_c0_g1_i12 0.01 0 0.00603845625917478 -7.37160451522689
TRINITY_DN100387_c0_g2_i1 0.02 0.01 0.0120769125183496 -6.37160451522689
TRINITY_DN100415_c0_g1_i2 0.04 0.02 0.0241538250366991 -5.37160451522689
TRINITY_DN100442_c0_g1_i1 0.02 0.01 0.0120769125183496 -6.37160451522689
TRINITY_DN10066_c0_g1_i6 0.03 0.02 0.0181153687775243 -5.78664201450573
TRINITY_DN1006_c1_g1_i3 0.03 0.02 0.0181153687775243 -5.78664201450573
TRINITY_DN101065_c0_g1_i1 0.03 0.02 0.0181153687775243 -5.78664201450573
TRINITY_DN101332_c0_g1_i2 0.04 0.03 0.0241538250366991 -5.37160451522689
TRINITY_DN101407_c0_g2_i1 0.03 0.02 0.0181153687775243 -5.78664201450573
TRINITY_DN101660_c0_g2_i1 0.04 0.03 0.0241538250366991 -5.37160451522689
TRINITY_DN10167_c0_g1_i13 0.01 0 0.00603845625917478 -7.37160451522689
TRINITY_DN101892_c0_g1_i1 0.03 0.02 0.0181153687775243 -5.78664201450573
TRINITY_DN10193_c0_g1_i2 0.04 0.02 0.0241538250366991 -5.37160451522689
TRINITY_DN103337_c0_g2_i1 0.04 0.02 0.0241538250366991 -5.37160451522689
TRINITY_DN103577_c0_g1_i5 0.04 0.02 0.0241538250366991 -5.37160451522689
TRINITY_DN1037_c1_g1_i15 0.01 0.01 0.00603845625917478 -7.37160451522689
TRINITY_DN10411_c1_g1_i3 0.02 0.01 0.0120769125183496 -6.37160451522689
TRINITY_DN1041_c0_g1_i8 0.01 0.01 0.00603845625917478 -7.37160451522689
TRINITY_DN104702_c0_g1_i1 0.03 0.02 0.0181153687775243 -5.78664201450573
TRINITY_DN10471_c0_g1_i5 0.03 0.02 0.0181153687775243 -5.78664201450573
TRINITY_DN10486_c0_g1_i3 0.02 0.01 0.0120769125183496 -6.37160451522689
TRINITY_DN105023_c0_g1_i1 0.03 0.02 0.0181153687775243 -5.78664201450573
TRINITY_DN105187_c0_g1_i1 0.03 0.02 0.0181153687775243 -5.78664201450573
TRINITY_DN10578_c0_g1_i4 0.03 0.02 0.0181153687775243 -5.78664201450573
TRINITY_DN10581_c0_g1_i2 0.04 0.02 0.0241538250366991 -5.37160451522689
TRINITY_DN1058_c9_g1_i8 0.02 0.01 0.0120769125183496 -6.37160451522689
TRINITY_DN10608_c0_g1_i13 0.02 0.01 0.0120769125183496 -6.37160451522689
TRINITY_DN106231_c0_g1_i1 0.02 0.01 0.0120769125183496 -6.37160451522689
TRINITY_DN10646_c0_g1_i21 0.03 0.02 0.0181153687775243 -5.78664201450573
TRINITY_DN1065_c0_g1_i16 0.04 0.03 0.0241538250366991 -5.37160451522689
TRINITY_DN10677_c0_g1_i3 0.04 0.02 0.0241538250366991 -5.37160451522689
TRINITY_DN106816_c0_g1_i1 0.04 0.02 0.0241538250366991 -5.37160451522689
TRINITY_DN107332_c0_g2_i1 0.03 0.02 0.0181153687775243 -5.78664201450573
TRINITY_DN107497_c0_g1_i1 0.04 0.02 0.0241538250366991 -5.37160451522689
TRINITY_DN10753_c0_g1_i14 0.03 0.02 0.0181153687775243 -5.78664201450573
TRINITY_DN107581_c0_g1_i1 0.04 0.02 0.0241538250366991 -5.37160451522689
TRINITY_DN107801_c0_g1_i1 0.04 0.02 0.0241538250366991 -5.37160451522689
TRINITY_DN107926_c0_g2_i1 0.03 0.02 0.0181153687775243 -5.78664201450573
TRINITY_DN107975_c0_g1_i2 0.04 0.02 0.0241538250366991 -5.37160451522689
TRINITY_DN10814_c0_g1_i6 0.04 0.03 0.0241538250366991 -5.37160451522689
TRINITY_DN108480_c0_g1_i1 0.04 0.02 0.0241538250366991 -5.37160451522689
TRINITY_DN108498_c0_g2_i1 0.04 0.03 0.0241538250366991 -5.37160451522689
TRINITY_DN108572_c0_g1_i1 0.04 0.02 0.0241538250366991 -5.37160451522689
TRINITY_DN10858_c1_g1_i1 0.04 0.03 0.0241538250366991 -5.37160451522689
TRINITY_DN108756_c0_g1_i1 0.04 0.02 0.0241538250366991 -5.37160451522689
TRINITY_DN108766_c0_g1_i1 0.04 0.02 0.0241538250366991 -5.37160451522689
TRINITY_DN10878_c1_g1_i1 0.04 0.02 0.0241538250366991 -5.37160451522689
TRINITY_DN108851_c0_g1_i1 0.04 0.03 0.0241538250366991 -5.37160451522689
TRINITY_DN108911_c0_g1_i1 0.04 0.03 0.0241538250366991 -5.37160451522689
TRINITY_DN10893_c0_g1_i5 0.04 0.02 0.0241538250366991 -5.37160451522689
TRINITY_DN109413_c0_g1_i1 0.04 0.02 0.0241538250366991 -5.37160451522689
TRINITY_DN10971_c0_g1_i20 0.03 0.02 0.0181153687775243 -5.78664201450573
TRINITY_DN10986_c0_g4_i1 0.04 0.03 0.0241538250366991 -5.37160451522689
TRINITY_DN110129_c0_g1_i2 0.03 0.02 0.0181153687775243 -5.78664201450573
TRINITY_DN11048_c0_g1_i40 0.04 0.02 0.0241538250366991 -5.37160451522689
TRINITY_DN1106_c0_g1_i6 0.04 0.03 0.0241538250366991 -5.37160451522689
TRINITY_DN11096_c0_g2_i4 0.02 0.01 0.0120769125183496 -6.37160451522689
TRINITY_DN110986_c0_g2_i1 0.02 0.01 0.0120769125183496 -6.37160451522689
TRINITY_DN11107_c0_g1_i2 0.02 0.01 0.0120769125183496 -6.37160451522689
TRINITY_DN11107_c0_g1_i3 0.04 0.02 0.0241538250366991 -5.37160451522689
TRINITY_DN111630_c0_g1_i4 0.03 0.02 0.0181153687775243 -5.78664201450573
TRINITY_DN111779_c0_g1_i1 0.03 0.02 0.0181153687775243 -5.78664201450573
TRINITY_DN11191_c0_g1_i2 0.01 0.01 0.00603845625917478 -7.37160451522689
TRINITY_DN113941_c0_g1_i1 0.02 0.01 0.0120769125183496 -6.37160451522689
TRINITY_DN113995_c0_g1_i1 0.03 0.02 0.0181153687775243 -5.78664201450573
TRINITY_DN113997_c0_g2_i1 0.04 0.03 0.0241538250366991 -5.37160451522689
TRINITY_DN11476_c0_g2_i1 0.04 0.02 0.0241538250366991 -5.37160451522689
TRINITY_DN114957_c0_g1_i1 0.02 0.01 0.0120769125183496 -6.37160451522689
TRINITY_DN11509_c0_g1_i8 0.02 0.01 0.0120769125183496 -6.37160451522689
TRINITY_DN11523_c1_g1_i10 0.04 0.03 0.0241538250366991 -5.37160451522689
TRINITY_DN11523_c1_g1_i3 0.03 0.02 0.0181153687775243 -5.78664201450573
TRINITY_DN1152_c0_g1_i10 0.04 0.02 0.0241538250366991 -5.37160451522689
TRINITY_DN11560_c0_g1_i26 0.04 0.03 0.0241538250366991 -5.37160451522689
TRINITY_DN11560_c0_g1_i4 0.03 0.02 0.0181153687775243 -5.78664201450573
TRINITY_DN11560_c0_g1_i5 0.01 0.01 0.00603845625917478 -7.37160451522689
TRINITY_DN115688_c0_g1_i2 0.04 0.02 0.0241538250366991 -5.37160451522689
TRINITY_DN11595_c0_g3_i3 0.04 0.02 0.0241538250366991 -5.37160451522689
TRINITY_DN115_c0_g1_i13 0.02 0.01 0.0120769125183496 -6.37160451522689
TRINITY_DN115_c0_g1_i15 0.01 0.01 0.00603845625917478 -7.37160451522689
TRINITY_DN115_c0_g1_i5 0.01 0.01 0.00603845625917478 -7.37160451522689
TRINITY_DN115_c0_g1_i7 0.02 0.01 0.0120769125183496 -6.37160451522689
TRINITY_DN1162_c0_g2_i6 0.04 0.02 0.0241538250366991 -5.37160451522689
TRINITY_DN11634_c0_g1_i6 0.04 0.02 0.0241538250366991 -5.37160451522689
TRINITY_DN116649_c0_g1_i1 0.03 0.02 0.0181153687775243 -5.78664201450573
TRINITY_DN1166_c0_g1_i6 0.04 0.03 0.0241538250366991 -5.37160451522689
TRINITY_DN117244_c0_g1_i1 0.04 0.02 0.0241538250366991 -5.37160451522689
TRINITY_DN1172_c0_g1_i1 0.03 0.02 0.0181153687775243 -5.78664201450573
TRINITY_DN1177_c0_g1_i7 0.02 0.01 0.0120769125183496 -6.37160451522689
TRINITY_DN117859_c0_g3_i1 0.02 0.01 0.0120769125183496 -6.37160451522689
TRINITY_DN11832_c0_g1_i2 0.02 0.01 0.0120769125183496 -6.37160451522689
TRINITY_DN118601_c0_g1_i1 0.04 0.03 0.0241538250366991 -5.37160451522689
TRINITY_DN11871_c0_g1_i8 0.03 0.02 0.0181153687775243 -5.78664201450573
TRINITY_DN11877_c0_g2_i6 0.03 0.02 0.0181153687775243 -5.78664201450573
TRINITY_DN11927_c0_g1_i2 0.01 0 0.00603845625917478 -7.37160451522689
TRINITY_DN119507_c1_g2_i1 0.03 0.02 0.0181153687775243 -5.78664201450573
TRINITY_DN11983_c7_g1_i1 0.04 0.03 0.0241538250366991 -5.37160451522689
TRINITY_DN12015_c0_g1_i21 0.04 0.02 0.0241538250366991 -5.37160451522689
TRINITY_DN12033_c0_g1_i3 0.03 0.02 0.0181153687775243 -5.78664201450573
TRINITY_DN1205_c0_g2_i4 0.03 0.02 0.0181153687775243 -5.78664201450573
TRINITY_DN1205_c0_g2_i9 0.02 0.01 0.0120769125183496 -6.37160451522689
TRINITY_DN12085_c0_g1_i12 0.01 0.01 0.00603845625917478 -7.37160451522689
TRINITY_DN121405_c0_g1_i1 0.03 0.02 0.0181153687775243 -5.78664201450573
TRINITY_DN122130_c0_g1_i1 0.03 0.02 0.0181153687775243 -5.78664201450573
TRINITY_DN12274_c0_g2_i3 0.03 0.02 0.0181153687775243 -5.78664201450573
TRINITY_DN122941_c0_g4_i1 0.04 0.02 0.0241538250366991 -5.37160451522689
TRINITY_DN12325_c0_g1_i1 0.04 0.02 0.0241538250366991 -5.37160451522689
TRINITY_DN12334_c0_g1_i21 0.01 0.01 0.00603845625917478 -7.37160451522689
TRINITY_DN12348_c0_g1_i19 0.01 0.01 0.00603845625917478 -7.37160451522689
TRINITY_DN123911_c0_g1_i1 0.03 0.02 0.0181153687775243 -5.78664201450573
TRINITY_DN124321_c1_g1_i1 0.03 0.02 0.0181153687775243 -5.78664201450573
TRINITY_DN12442_c0_g2_i2 0.02 0.01 0.0120769125183496 -6.37160451522689
TRINITY_DN12442_c0_g2_i5 0.03 0.02 0.0181153687775243 -5.78664201450573
TRINITY_DN124490_c0_g1_i1 0.02 0.01 0.0120769125183496 -6.37160451522689
TRINITY_DN124857_c0_g1_i1 0.04 0.02 0.0241538250366991 -5.37160451522689
TRINITY_DN124918_c0_g1_i1 0.04 0.03 0.0241538250366991 -5.37160451522689
TRINITY_DN125005_c0_g1_i3 0.03 0.02 0.0181153687775243 -5.78664201450573
TRINITY_DN12504_c0_g1_i1 0.04 0.02 0.0241538250366991 -5.37160451522689
TRINITY_DN125058_c0_g1_i1 0.03 0.02 0.0181153687775243 -5.78664201450573
TRINITY_DN125324_c0_g1_i8 0.03 0.02 0.0181153687775243 -5.78664201450573
TRINITY_DN125344_c0_g1_i8 0.04 0.02 0.0241538250366991 -5.37160451522689
TRINITY_DN12543_c0_g1_i4 0.04 0.03 0.0241538250366991 -5.37160451522689
TRINITY_DN12582_c0_g1_i2 0.03 0.02 0.0181153687775243 -5.78664201450573
TRINITY_DN1258_c0_g1_i7 0.02 0.01 0.0120769125183496 -6.37160451522689
TRINITY_DN12595_c0_g1_i2 0.04 0.02 0.0241538250366991 -5.37160451522689
TRINITY_DN12628_c0_g1_i5 0.01 0 0.00603845625917478 -7.37160451522689
TRINITY_DN12649_c0_g3_i1 0.03 0.02 0.0181153687775243 -5.78664201450573
TRINITY_DN12688_c0_g1_i9 0.03 0.02 0.0181153687775243 -5.78664201450573
TRINITY_DN12749_c0_g1_i3 0.03 0.02 0.0181153687775243 -5.78664201450573
TRINITY_DN1278_c0_g2_i8 0.04 0.02 0.0241538250366991 -5.37160451522689
TRINITY_DN12841_c0_g1_i3 0.04 0.03 0.0241538250366991 -5.37160451522689
TRINITY_DN12864_c0_g1_i1 0.04 0.03 0.0241538250366991 -5.37160451522689
TRINITY_DN128778_c0_g1_i1 0.04 0.02 0.0241538250366991 -5.37160451522689
TRINITY_DN12892_c0_g1_i8 0.03 0.02 0.0181153687775243 -5.78664201450573
TRINITY_DN129329_c0_g1_i1 0.04 0.03 0.0241538250366991 -5.37160451522689
TRINITY_DN12934_c0_g1_i12 0.04 0.02 0.0241538250366991 -5.37160451522689
TRINITY_DN12934_c0_g1_i15 0.03 0.02 0.0181153687775243 -5.78664201450573
TRINITY_DN12989_c1_g1_i2 0.04 0.02 0.0241538250366991 -5.37160451522689
TRINITY_DN12998_c0_g4_i1 0.04 0.02 0.0241538250366991 -5.37160451522689
TRINITY_DN12_c0_g1_i4 0.03 0.02 0.0181153687775243 -5.78664201450573
TRINITY_DN13015_c0_g2_i4 0.02 0.01 0.0120769125183496 -6.37160451522689
TRINITY_DN1304_c1_g1_i17 0.03 0.02 0.0181153687775243 -5.78664201450573
TRINITY_DN13092_c0_g1_i2 0.04 0.02 0.0241538250366991 -5.37160451522689
TRINITY_DN13137_c3_g1_i1 0.04 0.03 0.0241538250366991 -5.37160451522689
TRINITY_DN1313_c1_g3_i2 0.04 0.03 0.0241538250366991 -5.37160451522689
TRINITY_DN13165_c2_g3_i1 0.04 0.03 0.0241538250366991 -5.37160451522689
TRINITY_DN131865_c0_g1_i1 0.04 0.02 0.0241538250366991 -5.37160451522689
TRINITY_DN13209_c0_g1_i1 0.03 0.02 0.0181153687775243 -5.78664201450573
TRINITY_DN13212_c0_g1_i11 0.02 0.01 0.0120769125183496 -6.37160451522689
TRINITY_DN132162_c4_g1_i1 0.04 0.03 0.0241538250366991 -5.37160451522689
TRINITY_DN1321_c0_g1_i10 0.01 0.01 0.00603845625917478 -7.37160451522689
TRINITY_DN1321_c0_g1_i5 0.01 0.01 0.00603845625917478 -7.37160451522689
TRINITY_DN13247_c0_g1_i2 0.02 0.01 0.0120769125183496 -6.37160451522689
TRINITY_DN13247_c0_g1_i8 0.01 0.01 0.00603845625917478 -7.37160451522689
TRINITY_DN13281_c0_g1_i2 0.01 0.01 0.00603845625917478 -7.37160451522689
TRINITY_DN13292_c0_g1_i7 0.02 0.01 0.0120769125183496 -6.37160451522689
TRINITY_DN13300_c0_g4_i1 0.04 0.02 0.0241538250366991 -5.37160451522689
TRINITY_DN1331_c0_g1_i16 0.04 0.03 0.0241538250366991 -5.37160451522689
TRINITY_DN13329_c0_g1_i11 0.04 0.02 0.0241538250366991 -5.37160451522689
TRINITY_DN13329_c0_g1_i5 0.03 0.02 0.0181153687775243 -5.78664201450573
TRINITY_DN13329_c0_g1_i9 0.04 0.02 0.0241538250366991 -5.37160451522689
TRINITY_DN13366_c0_g1_i4 0.04 0.02 0.0241538250366991 -5.37160451522689
TRINITY_DN133742_c0_g1_i1 0.04 0.02 0.0241538250366991 -5.37160451522689
TRINITY_DN13380_c0_g2_i10 0.04 0.02 0.0241538250366991 -5.37160451522689
TRINITY_DN134740_c0_g1_i2 0.04 0.03 0.0241538250366991 -5.37160451522689
TRINITY_DN13515_c0_g1_i8 0.04 0.02 0.0241538250366991 -5.37160451522689
TRINITY_DN135281_c0_g3_i2 0.03 0.02 0.0181153687775243 -5.78664201450573
TRINITY_DN13607_c0_g2_i9 0.04 0.03 0.0241538250366991 -5.37160451522689
TRINITY_DN136278_c0_g2_i2 0.03 0.02 0.0181153687775243 -5.78664201450573
TRINITY_DN137053_c0_g1_i2 0.02 0.01 0.0120769125183496 -6.37160451522689
TRINITY_DN137118_c0_g1_i3 0.04 0.02 0.0241538250366991 -5.37160451522689
TRINITY_DN13750_c0_g1_i3 0.02 0.01 0.0120769125183496 -6.37160451522689
TRINITY_DN13813_c0_g1_i2 0.03 0.02 0.0181153687775243 -5.78664201450573
TRINITY_DN13817_c1_g1_i1 0.04 0.02 0.0241538250366991 -5.37160451522689
TRINITY_DN138241_c0_g2_i1 0.03 0.02 0.0181153687775243 -5.78664201450573
TRINITY_DN1382_c0_g1_i9 0.04 0.03 0.0241538250366991 -5.37160451522689
TRINITY_DN13837_c1_g1_i1 0.03 0.02 0.0181153687775243 -5.78664201450573
TRINITY_DN13843_c0_g1_i1 0.04 0.03 0.0241538250366991 -5.37160451522689
TRINITY_DN13846_c0_g1_i6 0.04 0.02 0.0241538250366991 -5.37160451522689
TRINITY_DN138833_c0_g1_i2 0.04 0.02 0.0241538250366991 -5.37160451522689
TRINITY_DN13969_c1_g1_i22 0.03 0.02 0.0181153687775243 -5.78664201450573
TRINITY_DN140367_c0_g1_i2 0.04 0.02 0.0241538250366991 -5.37160451522689
TRINITY_DN1403_c0_g2_i5 0.03 0.02 0.0181153687775243 -5.78664201450573
TRINITY_DN140727_c2_g1_i1 0.04 0.02 0.0241538250366991 -5.37160451522689
TRINITY_DN140990_c0_g2_i1 0.04 0.02 0.0241538250366991 -5.37160451522689
TRINITY_DN140997_c0_g1_i1 0.04 0.03 0.0241538250366991 -5.37160451522689
TRINITY_DN14108_c0_g1_i2 0.02 0.01 0.0120769125183496 -6.37160451522689
TRINITY_DN14108_c0_g1_i6 0.03 0.02 0.0181153687775243 -5.78664201450573
TRINITY_DN1410_c12_g1_i1 0.02 0.01 0.0120769125183496 -6.37160451522689
TRINITY_DN14120_c0_g1_i6 0.01 0 0.00603845625917478 -7.37160451522689
TRINITY_DN14127_c0_g1_i6 0.04 0.02 0.0241538250366991 -5.37160451522689
TRINITY_DN141294_c0_g2_i1 0.04 0.02 0.0241538250366991 -5.37160451522689
TRINITY_DN141684_c0_g1_i1 0.04 0.02 0.0241538250366991 -5.37160451522689
TRINITY_DN141733_c0_g1_i2 0.04 0.02 0.0241538250366991 -5.37160451522689
TRINITY_DN141770_c0_g2_i1 0.03 0.02 0.0181153687775243 -5.78664201450573
TRINITY_DN14177_c0_g1_i11 0.04 0.02 0.0241538250366991 -5.37160451522689
TRINITY_DN14177_c0_g1_i9 0.02 0.01 0.0120769125183496 -6.37160451522689
TRINITY_DN14183_c0_g5_i1 0.02 0.01 0.0120769125183496 -6.37160451522689
TRINITY_DN14185_c2_g1_i7 0.03 0.02 0.0181153687775243 -5.78664201450573
TRINITY_DN14185_c2_g2_i1 0.03 0.02 0.0181153687775243 -5.78664201450573
TRINITY_DN14219_c0_g3_i5 0.03 0.02 0.0181153687775243 -5.78664201450573
TRINITY_DN1423_c0_g1_i17 0.04 0.02 0.0241538250366991 -5.37160451522689
TRINITY_DN142492_c0_g1_i1 0.04 0.03 0.0241538250366991 -5.37160451522689
TRINITY_DN142543_c0_g1_i1 0.04 0.02 0.0241538250366991 -5.37160451522689
TRINITY_DN142608_c0_g1_i1 0.03 0.02 0.0181153687775243 -5.78664201450573
TRINITY_DN142780_c0_g3_i1 0.04 0.03 0.0241538250366991 -5.37160451522689
TRINITY_DN14280_c1_g2_i1 0.04 0.03 0.0241538250366991 -5.37160451522689
TRINITY_DN142973_c0_g1_i4 0.04 0.03 0.0241538250366991 -5.37160451522689
TRINITY_DN142973_c0_g1_i5 0.04 0.03 0.0241538250366991 -5.37160451522689
TRINITY_DN14305_c0_g1_i4 0.03 0.02 0.0181153687775243 -5.78664201450573
TRINITY_DN14371_c0_g1_i14 0.02 0.01 0.0120769125183496 -6.37160451522689
TRINITY_DN1437_c0_g1_i9 0.04 0.02 0.0241538250366991 -5.37160451522689
TRINITY_DN143918_c0_g1_i1 0.04 0.03 0.0241538250366991 -5.37160451522689
TRINITY_DN143_c0_g1_i12 0.03 0.02 0.0181153687775243 -5.78664201450573
TRINITY_DN14405_c0_g1_i3 0.04 0.03 0.0241538250366991 -5.37160451522689
TRINITY_DN14451_c0_g1_i1 0.01 0.01 0.00603845625917478 -7.37160451522689
TRINITY_DN1447_c0_g1_i10 0.02 0.01 0.0120769125183496 -6.37160451522689
TRINITY_DN14510_c1_g1_i1 0.04 0.02 0.0241538250366991 -5.37160451522689
TRINITY_DN14548_c0_g3_i1 0.03 0.02 0.0181153687775243 -5.78664201450573
TRINITY_DN145706_c0_g1_i1 0.04 0.02 0.0241538250366991 -5.37160451522689
TRINITY_DN14598_c0_g1_i11 0.03 0.02 0.0181153687775243 -5.78664201450573
TRINITY_DN14614_c0_g1_i2 0.03 0.02 0.0181153687775243 -5.78664201450573
TRINITY_DN146544_c0_g1_i2 0.03 0.02 0.0181153687775243 -5.78664201450573
TRINITY_DN146569_c0_g1_i1 0.04 0.03 0.0241538250366991 -5.37160451522689
TRINITY_DN146716_c0_g3_i1 0.03 0.02 0.0181153687775243 -5.78664201450573
TRINITY_DN14719_c0_g1_i7 0.02 0.01 0.0120769125183496 -6.37160451522689
TRINITY_DN147443_c0_g1_i1 0.04 0.03 0.0241538250366991 -5.37160451522689
TRINITY_DN147938_c0_g2_i1 0.03 0.02 0.0181153687775243 -5.78664201450573
TRINITY_DN14850_c0_g1_i1 0.03 0.02 0.0181153687775243 -5.78664201450573
TRINITY_DN14858_c2_g1_i1 0.04 0.02 0.0241538250366991 -5.37160451522689
TRINITY_DN14862_c0_g1_i2 0.03 0.02 0.0181153687775243 -5.78664201450573
TRINITY_DN14986_c1_g1_i2 0.02 0.01 0.0120769125183496 -6.37160451522689
TRINITY_DN149881_c3_g1_i2 0.04 0.03 0.0241538250366991 -5.37160451522689
TRINITY_DN15016_c1_g1_i2 0.01 0 0.00603845625917478 -7.37160451522689
TRINITY_DN150450_c0_g2_i1 0.02 0.01 0.0120769125183496 -6.37160451522689
TRINITY_DN151368_c0_g1_i1 0.04 0.02 0.0241538250366991 -5.37160451522689
TRINITY_DN151969_c0_g1_i1 0.04 0.02 0.0241538250366991 -5.37160451522689
TRINITY_DN1520_c0_g1_i28 0.02 0.01 0.0120769125183496 -6.37160451522689
TRINITY_DN152130_c0_g1_i1 0.04 0.02 0.0241538250366991 -5.37160451522689
TRINITY_DN152149_c0_g3_i2 0.04 0.02 0.0241538250366991 -5.37160451522689
TRINITY_DN152380_c0_g1_i1 0.04 0.03 0.0241538250366991 -5.37160451522689
TRINITY_DN15254_c0_g1_i15 0.04 0.02 0.0241538250366991 -5.37160451522689
TRINITY_DN15254_c0_g1_i8 0.02 0.01 0.0120769125183496 -6.37160451522689
TRINITY_DN15330_c2_g1_i1 0.04 0.03 0.0241538250366991 -5.37160451522689
TRINITY_DN153968_c0_g1_i1 0.03 0.02 0.0181153687775243 -5.78664201450573
TRINITY_DN154553_c0_g1_i1 0.03 0.02 0.0181153687775243 -5.78664201450573
TRINITY_DN15463_c0_g1_i10 0.03 0.02 0.0181153687775243 -5.78664201450573
TRINITY_DN15469_c0_g1_i5 0.04 0.03 0.0241538250366991 -5.37160451522689
TRINITY_DN15490_c0_g1_i3 0.04 0.02 0.0241538250366991 -5.37160451522689
TRINITY_DN1549_c0_g1_i1 0.03 0.02 0.0181153687775243 -5.78664201450573
TRINITY_DN15555_c0_g1_i2 0.02 0.01 0.0120769125183496 -6.37160451522689
TRINITY_DN15642_c0_g2_i1 0.04 0.02 0.0241538250366991 -5.37160451522689
TRINITY_DN1567_c0_g1_i1 0.03 0.02 0.0181153687775243 -5.78664201450573
TRINITY_DN1571_c0_g2_i5 0.02 0.01 0.0120769125183496 -6.37160451522689
TRINITY_DN1576_c0_g2_i3 0.04 0.02 0.0241538250366991 -5.37160451522689
TRINITY_DN158009_c0_g1_i1 0.04 0.02 0.0241538250366991 -5.37160451522689
TRINITY_DN15812_c0_g2_i2 0.03 0.02 0.0181153687775243 -5.78664201450573
TRINITY_DN15812_c0_g2_i9 0.03 0.02 0.0181153687775243 -5.78664201450573
TRINITY_DN15827_c0_g1_i4 0.04 0.02 0.0241538250366991 -5.37160451522689
TRINITY_DN158759_c0_g1_i1 0.04 0.02 0.0241538250366991 -5.37160451522689
TRINITY_DN1587_c0_g1_i1 0.04 0.03 0.0241538250366991 -5.37160451522689
TRINITY_DN15881_c0_g1_i13 0.03 0.02 0.0181153687775243 -5.78664201450573
TRINITY_DN160463_c0_g1_i1 0.04 0.02 0.0241538250366991 -5.37160451522689
TRINITY_DN160772_c0_g1_i2 0.04 0.03 0.0241538250366991 -5.37160451522689
TRINITY_DN161357_c0_g2_i3 0.03 0.02 0.0181153687775243 -5.78664201450573
TRINITY_DN161879_c0_g1_i1 0.04 0.03 0.0241538250366991 -5.37160451522689
TRINITY_DN16201_c0_g1_i4 0.02 0.01 0.0120769125183496 -6.37160451522689
TRINITY_DN162952_c0_g1_i1 0.04 0.02 0.0241538250366991 -5.37160451522689
TRINITY_DN16362_c1_g1_i1 0.04 0.02 0.0241538250366991 -5.37160451522689
TRINITY_DN164391_c1_g1_i1 0.03 0.02 0.0181153687775243 -5.78664201450573
TRINITY_DN16441_c0_g1_i3 0.02 0.01 0.0120769125183496 -6.37160451522689
TRINITY_DN16534_c3_g1_i1 0.02 0.01 0.0120769125183496 -6.37160451522689
TRINITY_DN165874_c0_g1_i1 0.04 0.02 0.0241538250366991 -5.37160451522689
TRINITY_DN16676_c0_g2_i1 0.04 0.03 0.0241538250366991 -5.37160451522689
TRINITY_DN167496_c0_g1_i2 0.04 0.03 0.0241538250366991 -5.37160451522689
TRINITY_DN16768_c1_g2_i1 0.04 0.02 0.0241538250366991 -5.37160451522689
TRINITY_DN168109_c2_g1_i1 0.03 0.02 0.0181153687775243 -5.78664201450573
TRINITY_DN16884_c0_g1_i9 0.01 0.01 0.00603845625917478 -7.37160451522689
TRINITY_DN1689_c0_g2_i6 0.04 0.02 0.0241538250366991 -5.37160451522689
TRINITY_DN16924_c0_g1_i7 0.03 0.02 0.0181153687775243 -5.78664201450573
TRINITY_DN16978_c3_g1_i2 0.03 0.02 0.0181153687775243 -5.78664201450573
TRINITY_DN17004_c0_g3_i1 0.04 0.02 0.0241538250366991 -5.37160451522689
TRINITY_DN1705_c0_g1_i3 0.03 0.02 0.0181153687775243 -5.78664201450573
TRINITY_DN171047_c0_g2_i1 0.03 0.02 0.0181153687775243 -5.78664201450573
TRINITY_DN17106_c0_g1_i1 0.03 0.02 0.0181153687775243 -5.78664201450573
TRINITY_DN17111_c0_g3_i1 0.04 0.03 0.0241538250366991 -5.37160451522689
TRINITY_DN17115_c1_g1_i2 0.04 0.02 0.0241538250366991 -5.37160451522689
TRINITY_DN1712_c0_g1_i8 0.04 0.02 0.0241538250366991 -5.37160451522689
TRINITY_DN171694_c2_g1_i1 0.03 0.02 0.0181153687775243 -5.78664201450573
TRINITY_DN17195_c0_g1_i1 0.02 0.01 0.0120769125183496 -6.37160451522689
TRINITY_DN17195_c0_g1_i8 0.04 0.03 0.0241538250366991 -5.37160451522689
TRINITY_DN172_c3_g1_i1 0.03 0.02 0.0181153687775243 -5.78664201450573
TRINITY_DN173098_c0_g1_i1 0.04 0.02 0.0241538250366991 -5.37160451522689
TRINITY_DN17324_c1_g1_i1 0.03 0.02 0.0181153687775243 -5.78664201450573
TRINITY_DN17375_c0_g2_i1 0.03 0.02 0.0181153687775243 -5.78664201450573
TRINITY_DN174021_c0_g1_i1 0.03 0.02 0.0181153687775243 -5.78664201450573
TRINITY_DN174120_c0_g1_i1 0.04 0.03 0.0241538250366991 -5.37160451522689
TRINITY_DN1744_c0_g1_i9 0.03 0.02 0.0181153687775243 -5.78664201450573
TRINITY_DN174556_c0_g1_i1 0.01 0.01 0.00603845625917478 -7.37160451522689
TRINITY_DN17471_c0_g1_i4 0.04 0.03 0.0241538250366991 -5.37160451522689
TRINITY_DN174837_c0_g2_i1 0.04 0.03 0.0241538250366991 -5.37160451522689
TRINITY_DN174952_c0_g1_i1 0.04 0.02 0.0241538250366991 -5.37160451522689
TRINITY_DN175184_c0_g1_i1 0.03 0.02 0.0181153687775243 -5.78664201450573
TRINITY_DN1753_c0_g1_i10 0.04 0.02 0.0241538250366991 -5.37160451522689
TRINITY_DN175436_c0_g1_i1 0.03 0.02 0.0181153687775243 -5.78664201450573
TRINITY_DN175601_c0_g2_i2 0.03 0.02 0.0181153687775243 -5.78664201450573
TRINITY_DN175735_c0_g1_i1 0.02 0.01 0.0120769125183496 -6.37160451522689
TRINITY_DN17616_c0_g1_i5 0.02 0.01 0.0120769125183496 -6.37160451522689
TRINITY_DN176170_c0_g1_i1 0.04 0.03 0.0241538250366991 -5.37160451522689
TRINITY_DN17630_c0_g1_i2 0.03 0.02 0.0181153687775243 -5.78664201450573
TRINITY_DN177515_c0_g1_i1 0.04 0.02 0.0241538250366991 -5.37160451522689
TRINITY_DN177515_c0_g1_i2 0.04 0.02 0.0241538250366991 -5.37160451522689
TRINITY_DN17755_c1_g2_i1 0.03 0.02 0.0181153687775243 -5.78664201450573
TRINITY_DN17804_c0_g2_i5 0.04 0.02 0.0241538250366991 -5.37160451522689
TRINITY_DN17823_c0_g1_i15 0.01 0 0.00603845625917478 -7.37160451522689
TRINITY_DN17823_c0_g1_i2 0.02 0.01 0.0120769125183496 -6.37160451522689
TRINITY_DN17823_c0_g1_i7 0.01 0 0.00603845625917478 -7.37160451522689
TRINITY_DN17823_c0_g1_i8 0.03 0.02 0.0181153687775243 -5.78664201450573
TRINITY_DN17913_c0_g1_i1 0.04 0.02 0.0241538250366991 -5.37160451522689
TRINITY_DN17937_c0_g1_i7 0.03 0.02 0.0181153687775243 -5.78664201450573
TRINITY_DN179576_c0_g1_i2 0.03 0.02 0.0181153687775243 -5.78664201450573
TRINITY_DN179646_c0_g1_i2 0.04 0.03 0.0241538250366991 -5.37160451522689
TRINITY_DN18054_c1_g1_i1 0.04 0.02 0.0241538250366991 -5.37160451522689
TRINITY_DN18115_c0_g1_i1 0.03 0.02 0.0181153687775243 -5.78664201450573
TRINITY_DN181323_c0_g3_i1 0.03 0.02 0.0181153687775243 -5.78664201450573
TRINITY_DN181534_c0_g2_i1 0.03 0.02 0.0181153687775243 -5.78664201450573
TRINITY_DN18166_c0_g1_i16 0.02 0.01 0.0120769125183496 -6.37160451522689
TRINITY_DN181863_c0_g2_i1 0.01 0.01 0.00603845625917478 -7.37160451522689
TRINITY_DN181_c2_g1_i1 0.02 0.01 0.0120769125183496 -6.37160451522689
TRINITY_DN1823_c0_g1_i10 0.03 0.02 0.0181153687775243 -5.78664201450573
TRINITY_DN18251_c0_g1_i10 0.04 0.02 0.0241538250366991 -5.37160451522689
TRINITY_DN18264_c0_g1_i1 0.04 0.02 0.0241538250366991 -5.37160451522689
TRINITY_DN18304_c0_g2_i15 0.02 0.01 0.0120769125183496 -6.37160451522689
TRINITY_DN18346_c2_g2_i2 0.02 0.01 0.0120769125183496 -6.37160451522689
TRINITY_DN18459_c1_g3_i2 0.04 0.03 0.0241538250366991 -5.37160451522689
TRINITY_DN18461_c0_g2_i1 0.02 0.01 0.0120769125183496 -6.37160451522689
TRINITY_DN18472_c0_g2_i2 0.04 0.02 0.0241538250366991 -5.37160451522689
TRINITY_DN185063_c1_g3_i7 0.04 0.03 0.0241538250366991 -5.37160451522689
TRINITY_DN1850_c1_g1_i2 0.04 0.02 0.0241538250366991 -5.37160451522689
TRINITY_DN1850_c1_g1_i4 0.03 0.02 0.0181153687775243 -5.78664201450573
TRINITY_DN18582_c0_g1_i1 0.04 0.03 0.0241538250366991 -5.37160451522689
TRINITY_DN188067_c0_g2_i1 0.03 0.02 0.0181153687775243 -5.78664201450573
TRINITY_DN188228_c1_g1_i1 0.02 0.01 0.0120769125183496 -6.37160451522689
TRINITY_DN18861_c0_g1_i11 0.04 0.02 0.0241538250366991 -5.37160451522689
TRINITY_DN18869_c2_g1_i1 0.03 0.02 0.0181153687775243 -5.78664201450573
TRINITY_DN18919_c0_g1_i7 0.04 0.02 0.0241538250366991 -5.37160451522689
TRINITY_DN18924_c0_g2_i2 0.02 0.01 0.0120769125183496 -6.37160451522689
TRINITY_DN18927_c0_g1_i1 0.04 0.03 0.0241538250366991 -5.37160451522689
TRINITY_DN1892_c0_g2_i7 0.04 0.03 0.0241538250366991 -5.37160451522689
TRINITY_DN18933_c0_g1_i1 0.03 0.02 0.0181153687775243 -5.78664201450573
TRINITY_DN18971_c0_g2_i1 0.04 0.02 0.0241538250366991 -5.37160451522689
TRINITY_DN18988_c0_g1_i4 0.04 0.02 0.0241538250366991 -5.37160451522689
TRINITY_DN19025_c0_g1_i4 0.04 0.03 0.0241538250366991 -5.37160451522689
TRINITY_DN19025_c0_g3_i1 0.04 0.03 0.0241538250366991 -5.37160451522689
TRINITY_DN190289_c0_g3_i1 0.04 0.02 0.0241538250366991 -5.37160451522689
TRINITY_DN19036_c0_g1_i1 0.04 0.03 0.0241538250366991 -5.37160451522689
TRINITY_DN192215_c0_g1_i1 0.04 0.02 0.0241538250366991 -5.37160451522689
TRINITY_DN192628_c0_g1_i2 0.04 0.02 0.0241538250366991 -5.37160451522689
TRINITY_DN19268_c0_g1_i2 0.04 0.02 0.0241538250366991 -5.37160451522689
TRINITY_DN19268_c0_g1_i4 0.04 0.03 0.0241538250366991 -5.37160451522689
TRINITY_DN193203_c0_g1_i1 0.03 0.02 0.0181153687775243 -5.78664201450573
TRINITY_DN19327_c0_g1_i2 0.04 0.03 0.0241538250366991 -5.37160451522689
TRINITY_DN19346_c0_g1_i1 0.02 0.01 0.0120769125183496 -6.37160451522689
TRINITY_DN19352_c0_g1_i2 0.04 0.02 0.0241538250366991 -5.37160451522689
TRINITY_DN19357_c0_g1_i4 0.02 0.01 0.0120769125183496 -6.37160451522689
TRINITY_DN193939_c0_g1_i1 0.03 0.02 0.0181153687775243 -5.78664201450573
TRINITY_DN19393_c1_g1_i1 0.04 0.02 0.0241538250366991 -5.37160451522689
TRINITY_DN193963_c1_g2_i1 0.04 0.02 0.0241538250366991 -5.37160451522689
TRINITY_DN194431_c0_g1_i1 0.03 0.02 0.0181153687775243 -5.78664201450573
TRINITY_DN195440_c0_g1_i1 0.03 0.02 0.0181153687775243 -5.78664201450573
TRINITY_DN195906_c0_g1_i2 0.04 0.02 0.0241538250366991 -5.37160451522689
TRINITY_DN19676_c0_g3_i1 0.04 0.02 0.0241538250366991 -5.37160451522689
TRINITY_DN19704_c0_g1_i4 0.04 0.02 0.0241538250366991 -5.37160451522689
TRINITY_DN197194_c0_g1_i1 0.02 0.01 0.0120769125183496 -6.37160451522689
TRINITY_DN197412_c0_g2_i1 0.04 0.02 0.0241538250366991 -5.37160451522689
TRINITY_DN19758_c2_g1_i1 0.03 0.02 0.0181153687775243 -5.78664201450573
TRINITY_DN19827_c0_g2_i1 0.04 0.03 0.0241538250366991 -5.37160451522689
TRINITY_DN19854_c1_g1_i1 0.04 0.02 0.0241538250366991 -5.37160451522689
TRINITY_DN1985_c0_g2_i3 0.04 0.02 0.0241538250366991 -5.37160451522689
TRINITY_DN1992_c0_g2_i10 0.04 0.03 0.0241538250366991 -5.37160451522689
TRINITY_DN199660_c0_g1_i2 0.04 0.03 0.0241538250366991 -5.37160451522689
TRINITY_DN20093_c4_g1_i1 0.04 0.02 0.0241538250366991 -5.37160451522689
TRINITY_DN20113_c0_g1_i12 0.03 0.02 0.0181153687775243 -5.78664201450573
TRINITY_DN201578_c0_g1_i1 0.04 0.02 0.0241538250366991 -5.37160451522689
TRINITY_DN20165_c0_g1_i1 0.04 0.03 0.0241538250366991 -5.37160451522689
TRINITY_DN20194_c0_g1_i5 0.04 0.02 0.0241538250366991 -5.37160451522689
TRINITY_DN20247_c0_g1_i1 0.04 0.02 0.0241538250366991 -5.37160451522689
TRINITY_DN202890_c0_g2_i1 0.04 0.03 0.0241538250366991 -5.37160451522689
TRINITY_DN20353_c1_g1_i3 0.02 0.01 0.0120769125183496 -6.37160451522689
TRINITY_DN203827_c0_g1_i10 0.01 0.01 0.00603845625917478 -7.37160451522689
TRINITY_DN20488_c1_g1_i1 0.03 0.02 0.0181153687775243 -5.78664201450573
TRINITY_DN20493_c0_g2_i6 0.04 0.03 0.0241538250366991 -5.37160451522689
TRINITY_DN204_c1_g1_i5 0.03 0.02 0.0181153687775243 -5.78664201450573
TRINITY_DN20532_c1_g1_i1 0.04 0.02 0.0241538250366991 -5.37160451522689
TRINITY_DN20545_c0_g1_i1 0.04 0.02 0.0241538250366991 -5.37160451522689
TRINITY_DN20580_c0_g1_i1 0.02 0.01 0.0120769125183496 -6.37160451522689
TRINITY_DN205930_c0_g1_i1 0.03 0.02 0.0181153687775243 -5.78664201450573
TRINITY_DN207130_c0_g2_i1 0.02 0.01 0.0120769125183496 -6.37160451522689
TRINITY_DN207937_c0_g1_i1 0.03 0.02 0.0181153687775243 -5.78664201450573
TRINITY_DN208154_c0_g1_i1 0.04 0.02 0.0241538250366991 -5.37160451522689
TRINITY_DN20815_c0_g1_i2 0.03 0.02 0.0181153687775243 -5.78664201450573
TRINITY_DN208343_c0_g1_i1 0.03 0.02 0.0181153687775243 -5.78664201450573
TRINITY_DN20879_c1_g1_i1 0.03 0.02 0.0181153687775243 -5.78664201450573
TRINITY_DN21003_c0_g4_i1 0.04 0.03 0.0241538250366991 -5.37160451522689
TRINITY_DN210202_c0_g1_i2 0.04 0.03 0.0241538250366991 -5.37160451522689
TRINITY_DN21059_c0_g1_i1 0.03 0.02 0.0181153687775243 -5.78664201450573
TRINITY_DN21085_c0_g3_i6 0.02 0.01 0.0120769125183496 -6.37160451522689
TRINITY_DN210942_c0_g1_i1 0.03 0.02 0.0181153687775243 -5.78664201450573
TRINITY_DN21168_c0_g2_i3 0.03 0.02 0.0181153687775243 -5.78664201450573
TRINITY_DN21230_c1_g1_i4 0.02 0.01 0.0120769125183496 -6.37160451522689
TRINITY_DN21238_c1_g1_i2 0.02 0.01 0.0120769125183496 -6.37160451522689
TRINITY_DN2123_c0_g1_i11 0.01 0 0.00603845625917478 -7.37160451522689
TRINITY_DN212868_c0_g1_i1 0.03 0.02 0.0181153687775243 -5.78664201450573
TRINITY_DN21293_c1_g1_i1 0.02 0.01 0.0120769125183496 -6.37160451522689
TRINITY_DN21294_c0_g3_i1 0.04 0.02 0.0241538250366991 -5.37160451522689
TRINITY_DN21528_c1_g1_i2 0.04 0.03 0.0241538250366991 -5.37160451522689
TRINITY_DN216158_c0_g1_i1 0.04 0.03 0.0241538250366991 -5.37160451522689
TRINITY_DN21616_c0_g3_i1 0.03 0.02 0.0181153687775243 -5.78664201450573
TRINITY_DN216338_c0_g1_i1 0.04 0.03 0.0241538250366991 -5.37160451522689
TRINITY_DN21646_c0_g1_i1 0.01 0.01 0.00603845625917478 -7.37160451522689
TRINITY_DN216774_c0_g1_i1 0.03 0.02 0.0181153687775243 -5.78664201450573
TRINITY_DN216830_c0_g1_i1 0.03 0.02 0.0181153687775243 -5.78664201450573
TRINITY_DN21710_c0_g3_i5 0.01 0.01 0.00603845625917478 -7.37160451522689
TRINITY_DN217945_c0_g1_i1 0.04 0.02 0.0241538250366991 -5.37160451522689
TRINITY_DN21800_c0_g1_i5 0.04 0.03 0.0241538250366991 -5.37160451522689
TRINITY_DN2189_c0_g2_i2 0.04 0.02 0.0241538250366991 -5.37160451522689
TRINITY_DN21917_c4_g3_i4 0.03 0.02 0.0181153687775243 -5.78664201450573
TRINITY_DN21940_c0_g2_i1 0.03 0.02 0.0181153687775243 -5.78664201450573
TRINITY_DN21964_c0_g2_i1 0.03 0.02 0.0181153687775243 -5.78664201450573
TRINITY_DN22033_c0_g3_i1 0.04 0.02 0.0241538250366991 -5.37160451522689
TRINITY_DN22041_c0_g1_i2 0.04 0.03 0.0241538250366991 -5.37160451522689
TRINITY_DN22053_c0_g1_i3 0.03 0.02 0.0181153687775243 -5.78664201450573
TRINITY_DN2208_c0_g1_i17 0.02 0.01 0.0120769125183496 -6.37160451522689
TRINITY_DN220_c0_g1_i14 0.04 0.02 0.0241538250366991 -5.37160451522689
TRINITY_DN2213_c0_g2_i11 0.03 0.02 0.0181153687775243 -5.78664201450573
TRINITY_DN2213_c0_g2_i6 0.02 0.01 0.0120769125183496 -6.37160451522689
TRINITY_DN2220_c1_g2_i4 0.01 0 0.00603845625917478 -7.37160451522689
TRINITY_DN2222_c0_g1_i5 0.03 0.02 0.0181153687775243 -5.78664201450573
TRINITY_DN2223_c0_g1_i4 0.02 0.01 0.0120769125183496 -6.37160451522689
TRINITY_DN222_c1_g2_i5 0.02 0.01 0.0120769125183496 -6.37160451522689
TRINITY_DN22349_c0_g1_i1 0.04 0.02 0.0241538250366991 -5.37160451522689
TRINITY_DN22364_c0_g1_i4 0.02 0.01 0.0120769125183496 -6.37160451522689
TRINITY_DN22364_c0_g1_i5 0.04 0.02 0.0241538250366991 -5.37160451522689
TRINITY_DN22418_c0_g1_i1 0.02 0.01 0.0120769125183496 -6.37160451522689
TRINITY_DN2243_c0_g2_i1 0.02 0.01 0.0120769125183496 -6.37160451522689
TRINITY_DN22489_c1_g1_i1 0.03 0.02 0.0181153687775243 -5.78664201450573
TRINITY_DN22496_c0_g1_i1 0.04 0.03 0.0241538250366991 -5.37160451522689
TRINITY_DN22497_c0_g1_i1 0.02 0.01 0.0120769125183496 -6.37160451522689
TRINITY_DN22526_c1_g1_i1 0.03 0.02 0.0181153687775243 -5.78664201450573
TRINITY_DN22565_c4_g1_i1 0.04 0.02 0.0241538250366991 -5.37160451522689
TRINITY_DN22616_c0_g1_i9 0.03 0.02 0.0181153687775243 -5.78664201450573
TRINITY_DN22677_c4_g1_i1 0.03 0.02 0.0181153687775243 -5.78664201450573
TRINITY_DN22700_c2_g1_i1 0.04 0.03 0.0241538250366991 -5.37160451522689
TRINITY_DN22710_c0_g1_i1 0.03 0.02 0.0181153687775243 -5.78664201450573
TRINITY_DN22717_c1_g2_i1 0.04 0.02 0.0241538250366991 -5.37160451522689
TRINITY_DN22743_c0_g1_i6 0.04 0.02 0.0241538250366991 -5.37160451522689
TRINITY_DN22755_c0_g3_i1 0.03 0.02 0.0181153687775243 -5.78664201450573
TRINITY_DN22834_c0_g3_i1 0.03 0.02 0.0181153687775243 -5.78664201450573
TRINITY_DN2285_c0_g2_i1 0.01 0.01 0.00603845625917478 -7.37160451522689
TRINITY_DN22925_c0_g2_i1 0.04 0.03 0.0241538250366991 -5.37160451522689
TRINITY_DN22971_c0_g1_i1 0.03 0.02 0.0181153687775243 -5.78664201450573
TRINITY_DN230431_c0_g1_i1 0.03 0.02 0.0181153687775243 -5.78664201450573
TRINITY_DN23070_c0_g1_i1 0.04 0.02 0.0241538250366991 -5.37160451522689
TRINITY_DN230749_c0_g1_i1 0.04 0.03 0.0241538250366991 -5.37160451522689
TRINITY_DN23082_c0_g1_i1 0.04 0.02 0.0241538250366991 -5.37160451522689
TRINITY_DN23083_c0_g1_i15 0.03 0.02 0.0181153687775243 -5.78664201450573
TRINITY_DN23083_c1_g1_i1 0.03 0.02 0.0181153687775243 -5.78664201450573
TRINITY_DN23099_c0_g1_i1 0.03 0.02 0.0181153687775243 -5.78664201450573
TRINITY_DN23115_c0_g2_i5 0.04 0.02 0.0241538250366991 -5.37160451522689
TRINITY_DN23125_c0_g1_i1 0.03 0.02 0.0181153687775243 -5.78664201450573
TRINITY_DN23151_c0_g1_i1 0.04 0.02 0.0241538250366991 -5.37160451522689
TRINITY_DN231607_c0_g1_i1 0.04 0.02 0.0241538250366991 -5.37160451522689
TRINITY_DN23169_c1_g3_i2 0.01 0.01 0.00603845625917478 -7.37160451522689
TRINITY_DN231807_c0_g1_i1 0.04 0.02 0.0241538250366991 -5.37160451522689
TRINITY_DN231859_c0_g1_i1 0.04 0.02 0.0241538250366991 -5.37160451522689
TRINITY_DN23196_c1_g1_i1 0.03 0.02 0.0181153687775243 -5.78664201450573
TRINITY_DN2322_c0_g1_i6 0.04 0.02 0.0241538250366991 -5.37160451522689
TRINITY_DN232452_c0_g1_i1 0.04 0.03 0.0241538250366991 -5.37160451522689
TRINITY_DN233324_c0_g1_i1 0.04 0.02 0.0241538250366991 -5.37160451522689
TRINITY_DN23339_c0_g1_i1 0.04 0.03 0.0241538250366991 -5.37160451522689
TRINITY_DN234293_c0_g1_i1 0.03 0.02 0.0181153687775243 -5.78664201450573
TRINITY_DN23579_c1_g1_i1 0.03 0.02 0.0181153687775243 -5.78664201450573
TRINITY_DN23601_c0_g1_i2 0.04 0.03 0.0241538250366991 -5.37160451522689
TRINITY_DN23609_c0_g1_i4 0.02 0.01 0.0120769125183496 -6.37160451522689
TRINITY_DN23614_c0_g1_i2 0.03 0.02 0.0181153687775243 -5.78664201450573
TRINITY_DN23618_c0_g1_i4 0.01 0.01 0.00603845625917478 -7.37160451522689
TRINITY_DN23690_c3_g1_i1 0.04 0.02 0.0241538250366991 -5.37160451522689
TRINITY_DN237025_c0_g1_i1 0.04 0.03 0.0241538250366991 -5.37160451522689
TRINITY_DN237501_c0_g1_i1 0.04 0.03 0.0241538250366991 -5.37160451522689
TRINITY_DN23771_c0_g2_i1 0.02 0.01 0.0120769125183496 -6.37160451522689
TRINITY_DN23806_c3_g1_i1 0.04 0.02 0.0241538250366991 -5.37160451522689
TRINITY_DN23813_c0_g1_i10 0.03 0.02 0.0181153687775243 -5.78664201450573
TRINITY_DN238144_c0_g1_i1 0.04 0.02 0.0241538250366991 -5.37160451522689
TRINITY_DN23883_c0_g1_i1 0.03 0.02 0.0181153687775243 -5.78664201450573
TRINITY_DN239266_c0_g1_i1 0.04 0.03 0.0241538250366991 -5.37160451522689
TRINITY_DN23940_c0_g1_i1 0.04 0.02 0.0241538250366991 -5.37160451522689
TRINITY_DN2394_c0_g2_i1 0.03 0.02 0.0181153687775243 -5.78664201450573
TRINITY_DN2397_c1_g1_i3 0.02 0.01 0.0120769125183496 -6.37160451522689
TRINITY_DN23994_c0_g1_i2 0.02 0.01 0.0120769125183496 -6.37160451522689
TRINITY_DN24009_c0_g1_i5 0.03 0.02 0.0181153687775243 -5.78664201450573
TRINITY_DN24031_c0_g1_i28 0.01 0 0.00603845625917478 -7.37160451522689
TRINITY_DN24031_c0_g1_i5 0.04 0.02 0.0241538250366991 -5.37160451522689
TRINITY_DN24330_c0_g1_i2 0.03 0.02 0.0181153687775243 -5.78664201450573
TRINITY_DN2441_c0_g1_i2 0.02 0.01 0.0120769125183496 -6.37160451522689
TRINITY_DN2442_c0_g1_i6 0.04 0.02 0.0241538250366991 -5.37160451522689
TRINITY_DN2445_c0_g1_i1 0.01 0.01 0.00603845625917478 -7.37160451522689
TRINITY_DN24557_c0_g1_i5 0.03 0.02 0.0181153687775243 -5.78664201450573
TRINITY_DN24660_c0_g4_i2 0.04 0.02 0.0241538250366991 -5.37160451522689
TRINITY_DN2488_c0_g2_i5 0.04 0.02 0.0241538250366991 -5.37160451522689
TRINITY_DN24920_c0_g4_i1 0.03 0.02 0.0181153687775243 -5.78664201450573
TRINITY_DN24921_c0_g1_i1 0.03 0.02 0.0181153687775243 -5.78664201450573
TRINITY_DN24935_c0_g1_i3 0.03 0.02 0.0181153687775243 -5.78664201450573
TRINITY_DN24983_c0_g1_i2 0.02 0.01 0.0120769125183496 -6.37160451522689
TRINITY_DN2499_c0_g1_i16 0.02 0.01 0.0120769125183496 -6.37160451522689
TRINITY_DN249_c0_g1_i16 0.01 0.01 0.00603845625917478 -7.37160451522689
TRINITY_DN249_c0_g1_i4 0.02 0.01 0.0120769125183496 -6.37160451522689
TRINITY_DN25047_c0_g1_i1 0.04 0.02 0.0241538250366991 -5.37160451522689
TRINITY_DN25123_c0_g1_i4 0.02 0.01 0.0120769125183496 -6.37160451522689
TRINITY_DN25124_c0_g1_i9 0.03 0.02 0.0181153687775243 -5.78664201450573
TRINITY_DN25191_c0_g1_i2 0.04 0.02 0.0241538250366991 -5.37160451522689
TRINITY_DN25337_c0_g1_i5 0.03 0.02 0.0181153687775243 -5.78664201450573
TRINITY_DN25346_c0_g1_i1 0.04 0.02 0.0241538250366991 -5.37160451522689
TRINITY_DN25361_c0_g1_i1 0.04 0.02 0.0241538250366991 -5.37160451522689
TRINITY_DN25516_c0_g1_i2 0.04 0.02 0.0241538250366991 -5.37160451522689
TRINITY_DN25580_c0_g1_i2 0.04 0.03 0.0241538250366991 -5.37160451522689
TRINITY_DN25596_c0_g1_i2 0.04 0.02 0.0241538250366991 -5.37160451522689
TRINITY_DN2563_c0_g1_i21 0.03 0.02 0.0181153687775243 -5.78664201450573
TRINITY_DN25703_c0_g1_i1 0.04 0.03 0.0241538250366991 -5.37160451522689
TRINITY_DN25722_c0_g2_i1 0.04 0.02 0.0241538250366991 -5.37160451522689
TRINITY_DN25728_c0_g1_i2 0.01 0 0.00603845625917478 -7.37160451522689
TRINITY_DN25743_c4_g1_i5 0.04 0.03 0.0241538250366991 -5.37160451522689
TRINITY_DN2575_c1_g3_i1 0.04 0.02 0.0241538250366991 -5.37160451522689
TRINITY_DN2576_c0_g4_i1 0.04 0.03 0.0241538250366991 -5.37160451522689
TRINITY_DN25779_c0_g1_i1 0.03 0.02 0.0181153687775243 -5.78664201450573
TRINITY_DN25783_c0_g1_i1 0.03 0.02 0.0181153687775243 -5.78664201450573
TRINITY_DN258058_c0_g1_i1 0.03 0.02 0.0181153687775243 -5.78664201450573
TRINITY_DN258155_c0_g1_i1 0.02 0.01 0.0120769125183496 -6.37160451522689
TRINITY_DN2581_c0_g1_i2 0.04 0.03 0.0241538250366991 -5.37160451522689
TRINITY_DN25833_c0_g1_i1 0.03 0.02 0.0181153687775243 -5.78664201450573
TRINITY_DN25912_c0_g1_i5 0.02 0.01 0.0120769125183496 -6.37160451522689
TRINITY_DN259570_c0_g1_i1 0.04 0.02 0.0241538250366991 -5.37160451522689
TRINITY_DN26066_c0_g1_i4 0.02 0.01 0.0120769125183496 -6.37160451522689
TRINITY_DN260816_c0_g1_i1 0.04 0.03 0.0241538250366991 -5.37160451522689
TRINITY_DN26169_c0_g1_i1 0.04 0.02 0.0241538250366991 -5.37160451522689
TRINITY_DN2618_c1_g1_i4 0.04 0.02 0.0241538250366991 -5.37160451522689
TRINITY_DN26251_c0_g1_i1 0.03 0.02 0.0181153687775243 -5.78664201450573
TRINITY_DN262676_c0_g1_i1 0.03 0.02 0.0181153687775243 -5.78664201450573
TRINITY_DN263149_c0_g1_i1 0.04 0.02 0.0241538250366991 -5.37160451522689
TRINITY_DN26341_c0_g1_i14 0.04 0.02 0.0241538250366991 -5.37160451522689
TRINITY_DN263888_c0_g1_i1 0.04 0.02 0.0241538250366991 -5.37160451522689
TRINITY_DN26388_c0_g1_i1 0.04 0.02 0.0241538250366991 -5.37160451522689
TRINITY_DN26434_c1_g1_i3 0.03 0.02 0.0181153687775243 -5.78664201450573
TRINITY_DN2647_c0_g1_i6 0.02 0.01 0.0120769125183496 -6.37160451522689
TRINITY_DN2647_c0_g1_i8 0.01 0 0.00603845625917478 -7.37160451522689
TRINITY_DN26538_c1_g2_i2 0.04 0.02 0.0241538250366991 -5.37160451522689
TRINITY_DN267004_c0_g1_i1 0.04 0.03 0.0241538250366991 -5.37160451522689
TRINITY_DN267618_c0_g1_i1 0.03 0.02 0.0181153687775243 -5.78664201450573
TRINITY_DN267839_c0_g1_i1 0.04 0.03 0.0241538250366991 -5.37160451522689
TRINITY_DN26878_c0_g1_i1 0.02 0.01 0.0120769125183496 -6.37160451522689
TRINITY_DN26893_c0_g1_i7 0.01 0.01 0.00603845625917478 -7.37160451522689
TRINITY_DN26916_c0_g3_i1 0.04 0.03 0.0241538250366991 -5.37160451522689
TRINITY_DN26946_c0_g1_i4 0.02 0.01 0.0120769125183496 -6.37160451522689
TRINITY_DN26958_c0_g1_i5 0.04 0.02 0.0241538250366991 -5.37160451522689
TRINITY_DN2695_c3_g1_i1 0.04 0.03 0.0241538250366991 -5.37160451522689
TRINITY_DN2718_c0_g1_i2 0.04 0.02 0.0241538250366991 -5.37160451522689
TRINITY_DN27194_c0_g1_i2 0.01 0.01 0.00603845625917478 -7.37160451522689
TRINITY_DN27221_c0_g1_i6 0.04 0.02 0.0241538250366991 -5.37160451522689
TRINITY_DN2727_c0_g3_i1 0.03 0.02 0.0181153687775243 -5.78664201450573
TRINITY_DN27282_c0_g1_i3 0.03 0.02 0.0181153687775243 -5.78664201450573
TRINITY_DN27283_c3_g1_i1 0.04 0.02 0.0241538250366991 -5.37160451522689
TRINITY_DN27300_c0_g1_i3 0.04 0.03 0.0241538250366991 -5.37160451522689
TRINITY_DN2731_c0_g1_i6 0.03 0.02 0.0181153687775243 -5.78664201450573
TRINITY_DN27375_c0_g2_i1 0.04 0.03 0.0241538250366991 -5.37160451522689
TRINITY_DN2739_c0_g1_i2 0.02 0.01 0.0120769125183496 -6.37160451522689
TRINITY_DN2739_c1_g2_i4 0.02 0.01 0.0120769125183496 -6.37160451522689
TRINITY_DN27422_c1_g1_i9 0.04 0.03 0.0241538250366991 -5.37160451522689
TRINITY_DN2746_c0_g2_i12 0.03 0.02 0.0181153687775243 -5.78664201450573
TRINITY_DN2746_c0_g2_i22 0.04 0.02 0.0241538250366991 -5.37160451522689
TRINITY_DN2750_c0_g1_i8 0.03 0.02 0.0181153687775243 -5.78664201450573
TRINITY_DN27527_c0_g2_i3 0.04 0.03 0.0241538250366991 -5.37160451522689
TRINITY_DN27585_c1_g1_i1 0.04 0.02 0.0241538250366991 -5.37160451522689
TRINITY_DN27598_c0_g1_i11 0.03 0.02 0.0181153687775243 -5.78664201450573
TRINITY_DN27598_c0_g1_i4 0.03 0.02 0.0181153687775243 -5.78664201450573
TRINITY_DN2763_c0_g1_i1 0.03 0.02 0.0181153687775243 -5.78664201450573
TRINITY_DN27647_c0_g1_i1 0.03 0.02 0.0181153687775243 -5.78664201450573
TRINITY_DN27651_c0_g1_i2 0.04 0.02 0.0241538250366991 -5.37160451522689
TRINITY_DN27657_c0_g2_i1 0.04 0.03 0.0241538250366991 -5.37160451522689
TRINITY_DN27658_c0_g1_i1 0.04 0.02 0.0241538250366991 -5.37160451522689
TRINITY_DN27682_c0_g1_i1 0.02 0.01 0.0120769125183496 -6.37160451522689
TRINITY_DN27743_c0_g1_i6 0.03 0.02 0.0181153687775243 -5.78664201450573
TRINITY_DN278921_c0_g1_i1 0.04 0.02 0.0241538250366991 -5.37160451522689
TRINITY_DN27915_c1_g1_i1 0.04 0.02 0.0241538250366991 -5.37160451522689
TRINITY_DN27934_c0_g2_i2 0.04 0.02 0.0241538250366991 -5.37160451522689
TRINITY_DN2794_c0_g1_i2 0.02 0.01 0.0120769125183496 -6.37160451522689
TRINITY_DN279_c0_g1_i2 0.01 0.01 0.00603845625917478 -7.37160451522689
TRINITY_DN27_c0_g2_i12 0.02 0.01 0.0120769125183496 -6.37160451522689
TRINITY_DN2801_c0_g1_i7 0.04 0.02 0.0241538250366991 -5.37160451522689
TRINITY_DN28028_c0_g2_i8 0.04 0.03 0.0241538250366991 -5.37160451522689
TRINITY_DN28071_c0_g2_i2 0.04 0.02 0.0241538250366991 -5.37160451522689
TRINITY_DN2808_c0_g1_i8 0.04 0.02 0.0241538250366991 -5.37160451522689
TRINITY_DN28097_c0_g2_i1 0.04 0.03 0.0241538250366991 -5.37160451522689
TRINITY_DN280_c0_g1_i10 0.04 0.03 0.0241538250366991 -5.37160451522689
TRINITY_DN28117_c0_g1_i1 0.04 0.03 0.0241538250366991 -5.37160451522689
TRINITY_DN28241_c0_g2_i1 0.04 0.03 0.0241538250366991 -5.37160451522689
TRINITY_DN28322_c0_g1_i1 0.02 0.01 0.0120769125183496 -6.37160451522689
TRINITY_DN28331_c0_g1_i1 0.04 0.02 0.0241538250366991 -5.37160451522689
TRINITY_DN2862_c0_g2_i2 0.02 0.02 0.0120769125183496 -6.37160451522689
TRINITY_DN286645_c0_g1_i1 0.02 0.01 0.0120769125183496 -6.37160451522689
TRINITY_DN28672_c0_g2_i1 0.04 0.02 0.0241538250366991 -5.37160451522689
TRINITY_DN286972_c0_g1_i1 0.04 0.03 0.0241538250366991 -5.37160451522689
TRINITY_DN287992_c0_g1_i1 0.04 0.02 0.0241538250366991 -5.37160451522689
TRINITY_DN288256_c0_g1_i1 0.04 0.03 0.0241538250366991 -5.37160451522689
TRINITY_DN288852_c0_g1_i1 0.04 0.02 0.0241538250366991 -5.37160451522689
TRINITY_DN28905_c1_g1_i1 0.04 0.02 0.0241538250366991 -5.37160451522689
TRINITY_DN289182_c0_g1_i1 0.02 0.01 0.0120769125183496 -6.37160451522689
TRINITY_DN289689_c0_g1_i4 0.04 0.02 0.0241538250366991 -5.37160451522689
TRINITY_DN2897_c0_g1_i1 0.03 0.02 0.0181153687775243 -5.78664201450573
TRINITY_DN29067_c0_g5_i1 0.04 0.02 0.0241538250366991 -5.37160451522689
TRINITY_DN29083_c0_g2_i1 0.03 0.02 0.0181153687775243 -5.78664201450573
TRINITY_DN291257_c0_g1_i1 0.04 0.02 0.0241538250366991 -5.37160451522689
TRINITY_DN29135_c0_g1_i2 0.02 0.01 0.0120769125183496 -6.37160451522689
TRINITY_DN2917_c0_g1_i5 0.03 0.02 0.0181153687775243 -5.78664201450573
TRINITY_DN29237_c1_g1_i2 0.04 0.02 0.0241538250366991 -5.37160451522689
TRINITY_DN29245_c0_g1_i8 0.04 0.02 0.0241538250366991 -5.37160451522689
TRINITY_DN29280_c4_g1_i1 0.04 0.03 0.0241538250366991 -5.37160451522689
TRINITY_DN29281_c0_g1_i1 0.03 0.02 0.0181153687775243 -5.78664201450573
TRINITY_DN29295_c0_g1_i6 0.04 0.03 0.0241538250366991 -5.37160451522689
TRINITY_DN29321_c0_g1_i1 0.04 0.02 0.0241538250366991 -5.37160451522689
TRINITY_DN29339_c0_g1_i2 0.03 0.02 0.0181153687775243 -5.78664201450573
TRINITY_DN29408_c0_g1_i8 0.04 0.02 0.0241538250366991 -5.37160451522689
TRINITY_DN294416_c0_g1_i1 0.03 0.02 0.0181153687775243 -5.78664201450573
TRINITY_DN29464_c0_g1_i1 0.03 0.02 0.0181153687775243 -5.78664201450573
TRINITY_DN29497_c2_g1_i1 0.02 0.01 0.0120769125183496 -6.37160451522689
TRINITY_DN295877_c0_g1_i1 0.03 0.02 0.0181153687775243 -5.78664201450573
TRINITY_DN29595_c0_g1_i2 0.02 0.01 0.0120769125183496 -6.37160451522689
TRINITY_DN29595_c0_g1_i5 0.04 0.03 0.0241538250366991 -5.37160451522689
TRINITY_DN295_c0_g1_i9 0.04 0.02 0.0241538250366991 -5.37160451522689
TRINITY_DN29816_c0_g2_i1 0.04 0.03 0.0241538250366991 -5.37160451522689
TRINITY_DN29831_c1_g1_i2 0.01 0 0.00603845625917478 -7.37160451522689
TRINITY_DN2984_c0_g1_i3 0.01 0 0.00603845625917478 -7.37160451522689
TRINITY_DN29882_c0_g1_i2 0.04 0.02 0.0241538250366991 -5.37160451522689
TRINITY_DN29882_c1_g1_i1 0.04 0.03 0.0241538250366991 -5.37160451522689
TRINITY_DN29906_c0_g1_i9 0.02 0.01 0.0120769125183496 -6.37160451522689
TRINITY_DN29939_c0_g1_i1 0.04 0.03 0.0241538250366991 -5.37160451522689
TRINITY_DN299482_c0_g1_i1 0.04 0.03 0.0241538250366991 -5.37160451522689
TRINITY_DN29948_c0_g3_i1 0.03 0.02 0.0181153687775243 -5.78664201450573
TRINITY_DN29973_c0_g2_i1 0.04 0.02 0.0241538250366991 -5.37160451522689
TRINITY_DN29_c0_g2_i5 0.02 0.01 0.0120769125183496 -6.37160451522689
TRINITY_DN30034_c0_g1_i1 0.04 0.03 0.0241538250366991 -5.37160451522689
TRINITY_DN3003_c0_g2_i2 0.04 0.02 0.0241538250366991 -5.37160451522689
TRINITY_DN3003_c0_g2_i6 0.01 0.01 0.00603845625917478 -7.37160451522689
TRINITY_DN30087_c0_g1_i1 0.04 0.02 0.0241538250366991 -5.37160451522689
TRINITY_DN30219_c0_g1_i1 0.04 0.02 0.0241538250366991 -5.37160451522689
TRINITY_DN30221_c0_g1_i1 0.03 0.02 0.0181153687775243 -5.78664201450573
TRINITY_DN30246_c0_g2_i1 0.04 0.02 0.0241538250366991 -5.37160451522689
TRINITY_DN303_c1_g1_i1 0.01 0.01 0.00603845625917478 -7.37160451522689
TRINITY_DN30402_c0_g1_i1 0.04 0.02 0.0241538250366991 -5.37160451522689
TRINITY_DN30405_c0_g2_i1 0.03 0.02 0.0181153687775243 -5.78664201450573
TRINITY_DN30460_c0_g1_i1 0.03 0.02 0.0181153687775243 -5.78664201450573
TRINITY_DN30517_c0_g1_i1 0.04 0.02 0.0241538250366991 -5.37160451522689
TRINITY_DN30522_c0_g1_i1 0.02 0.01 0.0120769125183496 -6.37160451522689
TRINITY_DN305411_c0_g1_i1 0.04 0.02 0.0241538250366991 -5.37160451522689
TRINITY_DN3060_c0_g1_i11 0.03 0.02 0.0181153687775243 -5.78664201450573
TRINITY_DN30650_c0_g1_i2 0.03 0.02 0.0181153687775243 -5.78664201450573
TRINITY_DN306_c0_g1_i8 0.04 0.02 0.0241538250366991 -5.37160451522689
TRINITY_DN30765_c0_g2_i1 0.04 0.02 0.0241538250366991 -5.37160451522689
TRINITY_DN30765_c0_g2_i2 0.04 0.02 0.0241538250366991 -5.37160451522689
TRINITY_DN30850_c0_g3_i1 0.04 0.02 0.0241538250366991 -5.37160451522689
TRINITY_DN30892_c0_g1_i2 0.04 0.03 0.0241538250366991 -5.37160451522689
TRINITY_DN30969_c0_g4_i2 0.04 0.03 0.0241538250366991 -5.37160451522689
TRINITY_DN31033_c0_g1_i1 0.04 0.02 0.0241538250366991 -5.37160451522689
TRINITY_DN31083_c0_g3_i1 0.04 0.03 0.0241538250366991 -5.37160451522689
TRINITY_DN31123_c0_g1_i3 0.04 0.03 0.0241538250366991 -5.37160451522689
TRINITY_DN31133_c0_g1_i1 0.02 0.01 0.0120769125183496 -6.37160451522689
TRINITY_DN31196_c0_g2_i2 0.04 0.03 0.0241538250366991 -5.37160451522689
TRINITY_DN31207_c0_g1_i1 0.04 0.03 0.0241538250366991 -5.37160451522689
TRINITY_DN31219_c0_g1_i1 0.03 0.02 0.0181153687775243 -5.78664201450573
TRINITY_DN31255_c0_g1_i1 0.03 0.02 0.0181153687775243 -5.78664201450573
TRINITY_DN31255_c0_g1_i6 0.04 0.02 0.0241538250366991 -5.37160451522689
TRINITY_DN31306_c0_g1_i12 0.04 0.02 0.0241538250366991 -5.37160451522689
TRINITY_DN3133_c0_g2_i11 0.03 0.02 0.0181153687775243 -5.78664201450573
TRINITY_DN3133_c0_g2_i4 0.04 0.02 0.0241538250366991 -5.37160451522689
TRINITY_DN3135_c0_g2_i11 0.02 0.01 0.0120769125183496 -6.37160451522689
TRINITY_DN31364_c0_g1_i2 0.04 0.02 0.0241538250366991 -5.37160451522689
TRINITY_DN3136_c0_g1_i16 0.01 0.01 0.00603845625917478 -7.37160451522689
TRINITY_DN31377_c0_g1_i1 0.04 0.02 0.0241538250366991 -5.37160451522689
TRINITY_DN31586_c0_g2_i1 0.03 0.02 0.0181153687775243 -5.78664201450573
TRINITY_DN31648_c3_g1_i1 0.04 0.03 0.0241538250366991 -5.37160451522689
TRINITY_DN31695_c0_g1_i1 0.04 0.03 0.0241538250366991 -5.37160451522689
TRINITY_DN31701_c0_g1_i11 0.03 0.02 0.0181153687775243 -5.78664201450573
TRINITY_DN31715_c0_g1_i1 0.02 0.01 0.0120769125183496 -6.37160451522689
TRINITY_DN317572_c0_g1_i1 0.03 0.02 0.0181153687775243 -5.78664201450573
TRINITY_DN31794_c0_g1_i2 0.04 0.02 0.0241538250366991 -5.37160451522689
TRINITY_DN31830_c0_g1_i1 0.04 0.02 0.0241538250366991 -5.37160451522689
TRINITY_DN31830_c0_g1_i8 0.04 0.02 0.0241538250366991 -5.37160451522689
TRINITY_DN31847_c0_g1_i1 0.04 0.02 0.0241538250366991 -5.37160451522689
TRINITY_DN319052_c0_g1_i1 0.04 0.03 0.0241538250366991 -5.37160451522689
TRINITY_DN31973_c1_g1_i3 0.04 0.02 0.0241538250366991 -5.37160451522689
TRINITY_DN31974_c0_g1_i1 0.04 0.02 0.0241538250366991 -5.37160451522689
TRINITY_DN31995_c0_g1_i1 0.04 0.02 0.0241538250366991 -5.37160451522689
TRINITY_DN32005_c0_g1_i12 0.01 0.01 0.00603845625917478 -7.37160451522689
TRINITY_DN32011_c0_g1_i2 0.04 0.02 0.0241538250366991 -5.37160451522689
TRINITY_DN32105_c1_g2_i2 0.03 0.02 0.0181153687775243 -5.78664201450573
TRINITY_DN321300_c0_g1_i1 0.04 0.03 0.0241538250366991 -5.37160451522689
TRINITY_DN32152_c0_g1_i1 0.04 0.02 0.0241538250366991 -5.37160451522689
TRINITY_DN321553_c0_g1_i1 0.04 0.02 0.0241538250366991 -5.37160451522689
TRINITY_DN321769_c0_g1_i1 0.04 0.02 0.0241538250366991 -5.37160451522689
TRINITY_DN32197_c1_g1_i1 0.04 0.02 0.0241538250366991 -5.37160451522689
TRINITY_DN32227_c2_g1_i1 0.03 0.02 0.0181153687775243 -5.78664201450573
TRINITY_DN32238_c0_g3_i1 0.04 0.02 0.0241538250366991 -5.37160451522689
TRINITY_DN3224_c1_g1_i6 0.04 0.02 0.0241538250366991 -5.37160451522689
TRINITY_DN32313_c0_g3_i1 0.04 0.03 0.0241538250366991 -5.37160451522689
TRINITY_DN32344_c0_g1_i4 0.04 0.03 0.0241538250366991 -5.37160451522689
TRINITY_DN32357_c0_g1_i11 0.03 0.02 0.0181153687775243 -5.78664201450573
TRINITY_DN323582_c0_g1_i1 0.04 0.02 0.0241538250366991 -5.37160451522689
TRINITY_DN324078_c0_g1_i1 0.04 0.02 0.0241538250366991 -5.37160451522689
TRINITY_DN324102_c0_g1_i1 0.04 0.03 0.0241538250366991 -5.37160451522689
TRINITY_DN32491_c0_g1_i2 0.04 0.02 0.0241538250366991 -5.37160451522689
TRINITY_DN32596_c0_g1_i1 0.04 0.03 0.0241538250366991 -5.37160451522689
TRINITY_DN3259_c0_g1_i14 0.01 0.01 0.00603845625917478 -7.37160451522689
TRINITY_DN3261_c0_g3_i1 0.04 0.02 0.0241538250366991 -5.37160451522689
TRINITY_DN3264_c1_g1_i1 0.04 0.02 0.0241538250366991 -5.37160451522689
TRINITY_DN3275_c1_g1_i1 0.04 0.03 0.0241538250366991 -5.37160451522689
TRINITY_DN32834_c0_g1_i9 0.02 0.01 0.0120769125183496 -6.37160451522689
TRINITY_DN32950_c0_g1_i2 0.04 0.02 0.0241538250366991 -5.37160451522689
TRINITY_DN32978_c0_g1_i6 0.04 0.03 0.0241538250366991 -5.37160451522689
TRINITY_DN33067_c0_g2_i1 0.03 0.02 0.0181153687775243 -5.78664201450573
TRINITY_DN330987_c0_g1_i1 0.04 0.02 0.0241538250366991 -5.37160451522689
TRINITY_DN33118_c0_g1_i1 0.03 0.02 0.0181153687775243 -5.78664201450573
TRINITY_DN33170_c0_g1_i1 0.04 0.02 0.0241538250366991 -5.37160451522689
TRINITY_DN332256_c0_g1_i1 0.04 0.02 0.0241538250366991 -5.37160451522689
TRINITY_DN3324_c0_g1_i6 0.02 0.01 0.0120769125183496 -6.37160451522689
TRINITY_DN33274_c0_g1_i2 0.04 0.02 0.0241538250366991 -5.37160451522689
TRINITY_DN33326_c0_g2_i1 0.02 0.01 0.0120769125183496 -6.37160451522689
TRINITY_DN3339_c0_g1_i8 0.02 0.01 0.0120769125183496 -6.37160451522689
TRINITY_DN3341_c0_g3_i11 0.03 0.02 0.0181153687775243 -5.78664201450573
TRINITY_DN33422_c0_g1_i8 0.03 0.02 0.0181153687775243 -5.78664201450573
TRINITY_DN33468_c0_g1_i6 0.03 0.02 0.0181153687775243 -5.78664201450573
TRINITY_DN33468_c1_g2_i1 0.03 0.02 0.0181153687775243 -5.78664201450573
TRINITY_DN33504_c0_g2_i2 0.04 0.02 0.0241538250366991 -5.37160451522689
TRINITY_DN3351_c0_g1_i44 0.02 0.01 0.0120769125183496 -6.37160451522689
TRINITY_DN33523_c1_g1_i2 0.03 0.02 0.0181153687775243 -5.78664201450573
TRINITY_DN33570_c4_g1_i1 0.04 0.02 0.0241538250366991 -5.37160451522689
TRINITY_DN33574_c0_g1_i2 0.04 0.02 0.0241538250366991 -5.37160451522689
TRINITY_DN33580_c0_g1_i1 0.04 0.02 0.0241538250366991 -5.37160451522689
TRINITY_DN33605_c0_g1_i1 0.02 0.01 0.0120769125183496 -6.37160451522689
TRINITY_DN33662_c0_g1_i16 0.01 0 0.00603845625917478 -7.37160451522689
TRINITY_DN33662_c0_g1_i8 0.01 0.01 0.00603845625917478 -7.37160451522689
TRINITY_DN33726_c0_g1_i1 0.02 0.01 0.0120769125183496 -6.37160451522689
TRINITY_DN33822_c0_g1_i1 0.03 0.02 0.0181153687775243 -5.78664201450573
TRINITY_DN33856_c0_g1_i3 0.04 0.03 0.0241538250366991 -5.37160451522689
TRINITY_DN33884_c2_g1_i5 0.01 0 0.00603845625917478 -7.37160451522689
TRINITY_DN34078_c0_g1_i1 0.04 0.03 0.0241538250366991 -5.37160451522689
TRINITY_DN34231_c0_g2_i1 0.03 0.02 0.0181153687775243 -5.78664201450573
TRINITY_DN34296_c2_g3_i1 0.04 0.03 0.0241538250366991 -5.37160451522689
TRINITY_DN3431_c5_g3_i1 0.04 0.02 0.0241538250366991 -5.37160451522689
TRINITY_DN34611_c0_g2_i1 0.02 0.01 0.0120769125183496 -6.37160451522689
TRINITY_DN3465_c0_g1_i5 0.04 0.02 0.0241538250366991 -5.37160451522689
TRINITY_DN346_c0_g1_i1 0.03 0.02 0.0181153687775243 -5.78664201450573
TRINITY_DN34707_c0_g1_i1 0.04 0.03 0.0241538250366991 -5.37160451522689
TRINITY_DN34738_c1_g1_i1 0.04 0.02 0.0241538250366991 -5.37160451522689
TRINITY_DN34813_c2_g1_i1 0.02 0.01 0.0120769125183496 -6.37160451522689
TRINITY_DN348983_c0_g1_i1 0.04 0.02 0.0241538250366991 -5.37160451522689
TRINITY_DN349150_c0_g1_i1 0.04 0.03 0.0241538250366991 -5.37160451522689
TRINITY_DN349928_c0_g1_i1 0.04 0.02 0.0241538250366991 -5.37160451522689
TRINITY_DN3499_c0_g1_i4 0.04 0.02 0.0241538250366991 -5.37160451522689
TRINITY_DN350992_c0_g1_i1 0.04 0.03 0.0241538250366991 -5.37160451522689
TRINITY_DN35130_c0_g1_i1 0.02 0.01 0.0120769125183496 -6.37160451522689
TRINITY_DN35132_c0_g1_i1 0.04 0.02 0.0241538250366991 -5.37160451522689
TRINITY_DN35185_c0_g1_i5 0.04 0.02 0.0241538250366991 -5.37160451522689
TRINITY_DN35208_c0_g1_i1 0.04 0.02 0.0241538250366991 -5.37160451522689
TRINITY_DN352281_c0_g1_i1 0.04 0.02 0.0241538250366991 -5.37160451522689
TRINITY_DN352416_c0_g1_i1 0.02 0.01 0.0120769125183496 -6.37160451522689
TRINITY_DN352535_c0_g1_i1 0.02 0.01 0.0120769125183496 -6.37160451522689
TRINITY_DN35306_c0_g1_i1 0.04 0.03 0.0241538250366991 -5.37160451522689
TRINITY_DN353223_c0_g1_i1 0.04 0.02 0.0241538250366991 -5.37160451522689
TRINITY_DN35333_c0_g1_i6 0.04 0.03 0.0241538250366991 -5.37160451522689
TRINITY_DN353366_c0_g1_i1 0.03 0.02 0.0181153687775243 -5.78664201450573
TRINITY_DN353546_c0_g1_i1 0.03 0.02 0.0181153687775243 -5.78664201450573
TRINITY_DN353_c0_g2_i3 0.01 0.01 0.00603845625917478 -7.37160451522689
TRINITY_DN353_c0_g2_i7 0.04 0.02 0.0241538250366991 -5.37160451522689
TRINITY_DN35468_c0_g1_i1 0.03 0.02 0.0181153687775243 -5.78664201450573
TRINITY_DN35510_c0_g1_i1 0.04 0.03 0.0241538250366991 -5.37160451522689
TRINITY_DN356290_c0_g1_i1 0.03 0.02 0.0181153687775243 -5.78664201450573
TRINITY_DN35699_c0_g1_i1 0.04 0.03 0.0241538250366991 -5.37160451522689
TRINITY_DN3575_c0_g1_i8 0.04 0.03 0.0241538250366991 -5.37160451522689
TRINITY_DN357817_c0_g1_i1 0.03 0.02 0.0181153687775243 -5.78664201450573
TRINITY_DN35877_c0_g1_i20 0.04 0.03 0.0241538250366991 -5.37160451522689
TRINITY_DN35877_c0_g1_i9 0.01 0 0.00603845625917478 -7.37160451522689
TRINITY_DN3589_c0_g2_i3 0.02 0.01 0.0120769125183496 -6.37160451522689
TRINITY_DN358_c0_g1_i4 0.04 0.02 0.0241538250366991 -5.37160451522689
TRINITY_DN35914_c0_g1_i1 0.03 0.02 0.0181153687775243 -5.78664201450573
TRINITY_DN3593_c0_g1_i12 0.04 0.02 0.0241538250366991 -5.37160451522689
TRINITY_DN359773_c0_g1_i1 0.04 0.02 0.0241538250366991 -5.37160451522689
TRINITY_DN36045_c0_g2_i4 0.04 0.03 0.0241538250366991 -5.37160451522689
TRINITY_DN36048_c1_g1_i2 0.03 0.02 0.0181153687775243 -5.78664201450573
TRINITY_DN360787_c0_g1_i1 0.04 0.02 0.0241538250366991 -5.37160451522689
TRINITY_DN36140_c0_g1_i4 0.04 0.03 0.0241538250366991 -5.37160451522689
TRINITY_DN3614_c3_g1_i1 0.04 0.03 0.0241538250366991 -5.37160451522689
TRINITY_DN36154_c0_g1_i2 0.04 0.02 0.0241538250366991 -5.37160451522689
TRINITY_DN36175_c0_g1_i1 0.04 0.02 0.0241538250366991 -5.37160451522689
TRINITY_DN36213_c0_g1_i2 0.02 0.01 0.0120769125183496 -6.37160451522689
TRINITY_DN36224_c0_g1_i1 0.02 0.01 0.0120769125183496 -6.37160451522689
TRINITY_DN36236_c0_g1_i1 0.03 0.02 0.0181153687775243 -5.78664201450573
TRINITY_DN362891_c0_g1_i1 0.04 0.03 0.0241538250366991 -5.37160451522689
TRINITY_DN362_c0_g2_i4 0.03 0.02 0.0181153687775243 -5.78664201450573
TRINITY_DN36321_c0_g1_i4 0.04 0.02 0.0241538250366991 -5.37160451522689
TRINITY_DN36358_c0_g1_i1 0.04 0.02 0.0241538250366991 -5.37160451522689
TRINITY_DN36377_c0_g1_i6 0.04 0.02 0.0241538250366991 -5.37160451522689
TRINITY_DN36399_c1_g1_i1 0.03 0.02 0.0181153687775243 -5.78664201450573
TRINITY_DN36444_c0_g1_i5 0.02 0.01 0.0120769125183496 -6.37160451522689
TRINITY_DN36473_c0_g1_i1 0.04 0.03 0.0241538250366991 -5.37160451522689
TRINITY_DN36523_c4_g1_i1 0.04 0.03 0.0241538250366991 -5.37160451522689
TRINITY_DN3657_c0_g1_i6 0.04 0.02 0.0241538250366991 -5.37160451522689
TRINITY_DN365_c0_g1_i13 0.01 0.01 0.00603845625917478 -7.37160451522689
TRINITY_DN3669_c1_g2_i4 0.03 0.02 0.0181153687775243 -5.78664201450573
TRINITY_DN36734_c0_g1_i1 0.03 0.02 0.0181153687775243 -5.78664201450573
TRINITY_DN3679_c0_g1_i3 0.04 0.03 0.0241538250366991 -5.37160451522689
TRINITY_DN3684_c0_g1_i20 0.03 0.02 0.0181153687775243 -5.78664201450573
TRINITY_DN3684_c0_g1_i26 0.03 0.02 0.0181153687775243 -5.78664201450573
TRINITY_DN3694_c0_g1_i4 0.03 0.02 0.0181153687775243 -5.78664201450573
TRINITY_DN37023_c0_g1_i1 0.03 0.02 0.0181153687775243 -5.78664201450573
TRINITY_DN3704_c0_g1_i3 0.03 0.02 0.0181153687775243 -5.78664201450573
TRINITY_DN3704_c0_g1_i8 0.03 0.02 0.0181153687775243 -5.78664201450573
TRINITY_DN37119_c0_g2_i1 0.03 0.02 0.0181153687775243 -5.78664201450573
TRINITY_DN37172_c0_g2_i1 0.04 0.03 0.0241538250366991 -5.37160451522689
TRINITY_DN3719_c0_g4_i1 0.04 0.02 0.0241538250366991 -5.37160451522689
TRINITY_DN37238_c0_g1_i1 0.03 0.02 0.0181153687775243 -5.78664201450573
TRINITY_DN37240_c0_g3_i1 0.04 0.02 0.0241538250366991 -5.37160451522689
TRINITY_DN37277_c0_g1_i9 0.03 0.02 0.0181153687775243 -5.78664201450573
TRINITY_DN3743_c0_g2_i11 0.01 0.01 0.00603845625917478 -7.37160451522689
TRINITY_DN37447_c0_g1_i2 0.03 0.02 0.0181153687775243 -5.78664201450573
TRINITY_DN37575_c5_g1_i1 0.04 0.02 0.0241538250366991 -5.37160451522689
TRINITY_DN37582_c0_g1_i1 0.03 0.02 0.0181153687775243 -5.78664201450573
TRINITY_DN37623_c0_g1_i5 0.02 0.01 0.0120769125183496 -6.37160451522689
TRINITY_DN37671_c2_g2_i1 0.03 0.02 0.0181153687775243 -5.78664201450573
TRINITY_DN37693_c0_g1_i5 0.03 0.02 0.0181153687775243 -5.78664201450573
TRINITY_DN37738_c0_g1_i1 0.04 0.02 0.0241538250366991 -5.37160451522689
TRINITY_DN37752_c0_g1_i1 0.02 0.01 0.0120769125183496 -6.37160451522689
TRINITY_DN37884_c0_g1_i1 0.03 0.02 0.0181153687775243 -5.78664201450573
TRINITY_DN3793_c1_g2_i1 0.02 0.01 0.0120769125183496 -6.37160451522689
TRINITY_DN38003_c0_g1_i3 0.03 0.02 0.0181153687775243 -5.78664201450573
TRINITY_DN38010_c0_g1_i1 0.04 0.03 0.0241538250366991 -5.37160451522689
TRINITY_DN38065_c0_g1_i3 0.03 0.02 0.0181153687775243 -5.78664201450573
TRINITY_DN38100_c1_g1_i2 0.02 0.01 0.0120769125183496 -6.37160451522689
TRINITY_DN3810_c0_g1_i13 0.03 0.02 0.0181153687775243 -5.78664201450573
TRINITY_DN38118_c0_g2_i1 0.03 0.02 0.0181153687775243 -5.78664201450573
TRINITY_DN38244_c0_g1_i8 0.02 0.01 0.0120769125183496 -6.37160451522689
TRINITY_DN38299_c0_g1_i1 0.04 0.03 0.0241538250366991 -5.37160451522689
TRINITY_DN382_c1_g1_i2 0.01 0.01 0.00603845625917478 -7.37160451522689
TRINITY_DN38347_c0_g1_i1 0.02 0.01 0.0120769125183496 -6.37160451522689
TRINITY_DN38459_c0_g1_i1 0.03 0.02 0.0181153687775243 -5.78664201450573
TRINITY_DN38468_c0_g1_i1 0.04 0.02 0.0241538250366991 -5.37160451522689
TRINITY_DN38682_c0_g1_i2 0.02 0.01 0.0120769125183496 -6.37160451522689
TRINITY_DN38834_c0_g1_i3 0.03 0.02 0.0181153687775243 -5.78664201450573
TRINITY_DN38921_c0_g4_i1 0.04 0.03 0.0241538250366991 -5.37160451522689
TRINITY_DN3896_c0_g1_i4 0.04 0.03 0.0241538250366991 -5.37160451522689
TRINITY_DN392_c1_g2_i9 0.04 0.03 0.0241538250366991 -5.37160451522689
TRINITY_DN392_c3_g1_i1 0.04 0.02 0.0241538250366991 -5.37160451522689
TRINITY_DN39409_c0_g1_i6 0.03 0.02 0.0181153687775243 -5.78664201450573
TRINITY_DN39411_c0_g3_i1 0.04 0.02 0.0241538250366991 -5.37160451522689
TRINITY_DN39456_c0_g2_i1 0.03 0.02 0.0181153687775243 -5.78664201450573
TRINITY_DN39503_c0_g2_i1 0.03 0.02 0.0181153687775243 -5.78664201450573
TRINITY_DN39516_c0_g1_i1 0.04 0.03 0.0241538250366991 -5.37160451522689
TRINITY_DN39536_c0_g2_i1 0.04 0.02 0.0241538250366991 -5.37160451522689
TRINITY_DN39575_c0_g1_i1 0.03 0.02 0.0181153687775243 -5.78664201450573
TRINITY_DN39599_c0_g1_i1 0.04 0.02 0.0241538250366991 -5.37160451522689
TRINITY_DN39737_c0_g1_i1 0.04 0.03 0.0241538250366991 -5.37160451522689
TRINITY_DN39932_c0_g1_i3 0.03 0.02 0.0181153687775243 -5.78664201450573
TRINITY_DN4003_c0_g1_i5 0.03 0.02 0.0181153687775243 -5.78664201450573
TRINITY_DN4003_c0_g1_i7 0.01 0.01 0.00603845625917478 -7.37160451522689
TRINITY_DN40289_c0_g1_i1 0.03 0.02 0.0181153687775243 -5.78664201450573
TRINITY_DN4032_c0_g1_i8 0.03 0.02 0.0181153687775243 -5.78664201450573
TRINITY_DN40557_c0_g1_i1 0.04 0.02 0.0241538250366991 -5.37160451522689
TRINITY_DN40577_c0_g1_i1 0.04 0.03 0.0241538250366991 -5.37160451522689
TRINITY_DN40633_c0_g1_i1 0.02 0.01 0.0120769125183496 -6.37160451522689
TRINITY_DN40891_c0_g1_i1 0.04 0.02 0.0241538250366991 -5.37160451522689
TRINITY_DN40927_c2_g1_i1 0.04 0.02 0.0241538250366991 -5.37160451522689
TRINITY_DN40975_c0_g1_i3 0.04 0.03 0.0241538250366991 -5.37160451522689
TRINITY_DN41200_c0_g2_i2 0.04 0.03 0.0241538250366991 -5.37160451522689
TRINITY_DN41490_c0_g2_i1 0.04 0.03 0.0241538250366991 -5.37160451522689
TRINITY_DN41519_c0_g1_i1 0.04 0.02 0.0241538250366991 -5.37160451522689
TRINITY_DN41671_c0_g1_i2 0.04 0.03 0.0241538250366991 -5.37160451522689
TRINITY_DN41698_c0_g1_i1 0.02 0.01 0.0120769125183496 -6.37160451522689
TRINITY_DN41742_c0_g4_i1 0.04 0.02 0.0241538250366991 -5.37160451522689
TRINITY_DN41796_c0_g1_i1 0.04 0.02 0.0241538250366991 -5.37160451522689
TRINITY_DN41816_c0_g1_i2 0.01 0.01 0.00603845625917478 -7.37160451522689
TRINITY_DN41821_c0_g1_i3 0.04 0.02 0.0241538250366991 -5.37160451522689
TRINITY_DN41945_c0_g1_i2 0.04 0.02 0.0241538250366991 -5.37160451522689
TRINITY_DN41954_c1_g1_i1 0.03 0.02 0.0181153687775243 -5.78664201450573
TRINITY_DN42013_c0_g2_i1 0.03 0.02 0.0181153687775243 -5.78664201450573
TRINITY_DN42013_c0_g2_i2 0.04 0.02 0.0241538250366991 -5.37160451522689
TRINITY_DN4213_c0_g1_i3 0.01 0.01 0.00603845625917478 -7.37160451522689
TRINITY_DN4237_c1_g1_i6 0.03 0.02 0.0181153687775243 -5.78664201450573
TRINITY_DN42501_c0_g1_i2 0.01 0.01 0.00603845625917478 -7.37160451522689
TRINITY_DN42938_c0_g2_i1 0.03 0.02 0.0181153687775243 -5.78664201450573
TRINITY_DN43011_c0_g1_i2 0.04 0.03 0.0241538250366991 -5.37160451522689
TRINITY_DN430_c0_g2_i6 0.04 0.02 0.0241538250366991 -5.37160451522689
TRINITY_DN4319_c0_g1_i9 0.03 0.02 0.0181153687775243 -5.78664201450573
TRINITY_DN431_c0_g1_i10 0.02 0.01 0.0120769125183496 -6.37160451522689
TRINITY_DN4331_c0_g1_i13 0.03 0.02 0.0181153687775243 -5.78664201450573
TRINITY_DN43343_c0_g1_i2 0.02 0.01 0.0120769125183496 -6.37160451522689
TRINITY_DN43351_c0_g1_i5 0.04 0.02 0.0241538250366991 -5.37160451522689
TRINITY_DN43502_c0_g2_i2 0.04 0.02 0.0241538250366991 -5.37160451522689
TRINITY_DN43554_c0_g1_i3 0.03 0.02 0.0181153687775243 -5.78664201450573
TRINITY_DN43576_c0_g1_i2 0.03 0.02 0.0181153687775243 -5.78664201450573
TRINITY_DN43601_c0_g2_i1 0.04 0.02 0.0241538250366991 -5.37160451522689
TRINITY_DN43779_c4_g1_i1 0.04 0.02 0.0241538250366991 -5.37160451522689
TRINITY_DN43917_c2_g1_i1 0.02 0.01 0.0120769125183496 -6.37160451522689
TRINITY_DN43977_c0_g1_i1 0.03 0.02 0.0181153687775243 -5.78664201450573
TRINITY_DN44187_c1_g1_i8 0.03 0.02 0.0181153687775243 -5.78664201450573
TRINITY_DN44471_c0_g1_i8 0.04 0.02 0.0241538250366991 -5.37160451522689
TRINITY_DN44494_c0_g3_i1 0.04 0.02 0.0241538250366991 -5.37160451522689
TRINITY_DN4453_c0_g1_i14 0.01 0 0.00603845625917478 -7.37160451522689
TRINITY_DN44597_c0_g1_i1 0.03 0.02 0.0181153687775243 -5.78664201450573
TRINITY_DN4463_c0_g1_i3 0.01 0.01 0.00603845625917478 -7.37160451522689
TRINITY_DN44779_c0_g1_i1 0.04 0.03 0.0241538250366991 -5.37160451522689
TRINITY_DN44819_c0_g1_i6 0.04 0.02 0.0241538250366991 -5.37160451522689
TRINITY_DN44926_c0_g1_i2 0.03 0.02 0.0181153687775243 -5.78664201450573
TRINITY_DN4500_c0_g1_i23 0.01 0 0.00603845625917478 -7.37160451522689
TRINITY_DN45030_c0_g1_i1 0.04 0.02 0.0241538250366991 -5.37160451522689
TRINITY_DN4508_c1_g1_i2 0.04 0.02 0.0241538250366991 -5.37160451522689
TRINITY_DN4515_c0_g1_i6 0.04 0.02 0.0241538250366991 -5.37160451522689
TRINITY_DN45267_c0_g1_i8 0.02 0.01 0.0120769125183496 -6.37160451522689
TRINITY_DN4526_c0_g1_i7 0.04 0.03 0.0241538250366991 -5.37160451522689
TRINITY_DN4547_c0_g1_i4 0.04 0.03 0.0241538250366991 -5.37160451522689
TRINITY_DN45545_c0_g1_i1 0.03 0.02 0.0181153687775243 -5.78664201450573
TRINITY_DN45569_c0_g1_i1 0.04 0.02 0.0241538250366991 -5.37160451522689
TRINITY_DN45609_c0_g2_i1 0.03 0.02 0.0181153687775243 -5.78664201450573
TRINITY_DN45670_c0_g1_i3 0.02 0.01 0.0120769125183496 -6.37160451522689
TRINITY_DN45834_c0_g1_i1 0.03 0.02 0.0181153687775243 -5.78664201450573
TRINITY_DN45917_c0_g1_i1 0.01 0.01 0.00603845625917478 -7.37160451522689
TRINITY_DN45926_c0_g1_i1 0.02 0.01 0.0120769125183496 -6.37160451522689
TRINITY_DN4592_c0_g2_i1 0.03 0.02 0.0181153687775243 -5.78664201450573
TRINITY_DN4593_c0_g1_i1 0.04 0.03 0.0241538250366991 -5.37160451522689
TRINITY_DN45_c0_g1_i2 0.03 0.02 0.0181153687775243 -5.78664201450573
TRINITY_DN45_c0_g1_i7 0.02 0.01 0.0120769125183496 -6.37160451522689
TRINITY_DN46059_c0_g2_i1 0.02 0.01 0.0120769125183496 -6.37160451522689
TRINITY_DN46086_c0_g3_i1 0.04 0.03 0.0241538250366991 -5.37160451522689
TRINITY_DN46094_c1_g1_i3 0.04 0.03 0.0241538250366991 -5.37160451522689
TRINITY_DN46118_c0_g2_i1 0.04 0.03 0.0241538250366991 -5.37160451522689
TRINITY_DN46128_c0_g2_i1 0.04 0.02 0.0241538250366991 -5.37160451522689
TRINITY_DN46205_c0_g1_i1 0.04 0.02 0.0241538250366991 -5.37160451522689
TRINITY_DN46269_c0_g2_i1 0.04 0.02 0.0241538250366991 -5.37160451522689
TRINITY_DN4650_c0_g1_i1 0.01 0.01 0.00603845625917478 -7.37160451522689
TRINITY_DN46637_c0_g1_i8 0.02 0.01 0.0120769125183496 -6.37160451522689
TRINITY_DN46715_c0_g1_i1 0.04 0.02 0.0241538250366991 -5.37160451522689
TRINITY_DN46950_c0_g1_i1 0.04 0.02 0.0241538250366991 -5.37160451522689
TRINITY_DN4703_c0_g1_i14 0.02 0.01 0.0120769125183496 -6.37160451522689
TRINITY_DN47131_c0_g1_i4 0.04 0.02 0.0241538250366991 -5.37160451522689
TRINITY_DN47239_c0_g2_i3 0.03 0.02 0.0181153687775243 -5.78664201450573
TRINITY_DN47255_c0_g2_i1 0.03 0.02 0.0181153687775243 -5.78664201450573
TRINITY_DN47268_c0_g1_i1 0.03 0.02 0.0181153687775243 -5.78664201450573
TRINITY_DN47320_c0_g1_i1 0.03 0.02 0.0181153687775243 -5.78664201450573
TRINITY_DN47331_c1_g2_i1 0.04 0.02 0.0241538250366991 -5.37160451522689
TRINITY_DN47526_c0_g1_i2 0.02 0.01 0.0120769125183496 -6.37160451522689
TRINITY_DN475_c0_g2_i5 0.01 0.01 0.00603845625917478 -7.37160451522689
TRINITY_DN47662_c0_g2_i1 0.03 0.02 0.0181153687775243 -5.78664201450573
TRINITY_DN47704_c0_g1_i5 0.04 0.03 0.0241538250366991 -5.37160451522689
TRINITY_DN4851_c0_g2_i3 0.02 0.01 0.0120769125183496 -6.37160451522689
TRINITY_DN4851_c0_g4_i1 0.03 0.02 0.0181153687775243 -5.78664201450573
TRINITY_DN4851_c0_g4_i3 0.03 0.02 0.0181153687775243 -5.78664201450573
TRINITY_DN4851_c0_g4_i7 0.03 0.02 0.0181153687775243 -5.78664201450573
TRINITY_DN48790_c6_g1_i1 0.04 0.02 0.0241538250366991 -5.37160451522689
TRINITY_DN48814_c2_g3_i1 0.03 0.02 0.0181153687775243 -5.78664201450573
TRINITY_DN4885_c1_g1_i5 0.04 0.03 0.0241538250366991 -5.37160451522689
TRINITY_DN4891_c0_g1_i12 0.04 0.02 0.0241538250366991 -5.37160451522689
TRINITY_DN4896_c0_g1_i2 0.04 0.02 0.0241538250366991 -5.37160451522689
TRINITY_DN49037_c1_g1_i1 0.02 0.01 0.0120769125183496 -6.37160451522689
TRINITY_DN49037_c1_g1_i2 0.03 0.02 0.0181153687775243 -5.78664201450573
TRINITY_DN49314_c0_g1_i2 0.01 0.01 0.00603845625917478 -7.37160451522689
TRINITY_DN49375_c0_g1_i4 0.03 0.02 0.0181153687775243 -5.78664201450573
TRINITY_DN4948_c1_g1_i4 0.04 0.02 0.0241538250366991 -5.37160451522689
TRINITY_DN49654_c0_g1_i3 0.04 0.03 0.0241538250366991 -5.37160451522689
TRINITY_DN49811_c0_g3_i1 0.04 0.02 0.0241538250366991 -5.37160451522689
TRINITY_DN4983_c0_g1_i3 0.04 0.02 0.0241538250366991 -5.37160451522689
TRINITY_DN49876_c0_g1_i1 0.04 0.03 0.0241538250366991 -5.37160451522689
TRINITY_DN49877_c0_g1_i1 0.04 0.03 0.0241538250366991 -5.37160451522689
TRINITY_DN49893_c0_g1_i1 0.04 0.03 0.0241538250366991 -5.37160451522689
TRINITY_DN50030_c1_g1_i1 0.04 0.02 0.0241538250366991 -5.37160451522689
TRINITY_DN50064_c0_g1_i1 0.04 0.03 0.0241538250366991 -5.37160451522689
TRINITY_DN50241_c1_g1_i1 0.04 0.03 0.0241538250366991 -5.37160451522689
TRINITY_DN50276_c0_g1_i2 0.04 0.03 0.0241538250366991 -5.37160451522689
TRINITY_DN5029_c0_g1_i1 0.03 0.02 0.0181153687775243 -5.78664201450573
TRINITY_DN5042_c2_g1_i2 0.03 0.02 0.0181153687775243 -5.78664201450573
TRINITY_DN505_c0_g1_i22 0.03 0.02 0.0181153687775243 -5.78664201450573
TRINITY_DN505_c0_g1_i32 0.04 0.03 0.0241538250366991 -5.37160451522689
TRINITY_DN50664_c0_g2_i1 0.04 0.02 0.0241538250366991 -5.37160451522689
TRINITY_DN50692_c0_g1_i1 0.02 0.01 0.0120769125183496 -6.37160451522689
TRINITY_DN51175_c0_g1_i1 0.04 0.02 0.0241538250366991 -5.37160451522689
TRINITY_DN51184_c0_g1_i3 0.04 0.03 0.0241538250366991 -5.37160451522689
TRINITY_DN5119_c0_g1_i13 0.02 0.01 0.0120769125183496 -6.37160451522689
TRINITY_DN51211_c0_g1_i2 0.04 0.02 0.0241538250366991 -5.37160451522689
TRINITY_DN51275_c0_g1_i1 0.04 0.02 0.0241538250366991 -5.37160451522689
TRINITY_DN51307_c0_g2_i1 0.04 0.03 0.0241538250366991 -5.37160451522689
TRINITY_DN5135_c0_g1_i7 0.04 0.02 0.0241538250366991 -5.37160451522689
TRINITY_DN51521_c0_g2_i1 0.04 0.02 0.0241538250366991 -5.37160451522689
TRINITY_DN5152_c1_g1_i3 0.04 0.03 0.0241538250366991 -5.37160451522689
TRINITY_DN51538_c1_g1_i2 0.04 0.03 0.0241538250366991 -5.37160451522689
TRINITY_DN51618_c0_g2_i3 0.03 0.02 0.0181153687775243 -5.78664201450573
TRINITY_DN51629_c0_g2_i1 0.04 0.02 0.0241538250366991 -5.37160451522689
TRINITY_DN51814_c0_g1_i1 0.04 0.02 0.0241538250366991 -5.37160451522689
TRINITY_DN5185_c0_g1_i8 0.04 0.02 0.0241538250366991 -5.37160451522689
TRINITY_DN52040_c1_g2_i1 0.04 0.02 0.0241538250366991 -5.37160451522689
TRINITY_DN52116_c0_g1_i1 0.04 0.02 0.0241538250366991 -5.37160451522689
TRINITY_DN5222_c0_g1_i2 0.01 0.01 0.00603845625917478 -7.37160451522689
TRINITY_DN5222_c0_g1_i6 0.03 0.02 0.0181153687775243 -5.78664201450573
TRINITY_DN52339_c0_g1_i4 0.04 0.02 0.0241538250366991 -5.37160451522689
TRINITY_DN5251_c0_g1_i1 0.03 0.02 0.0181153687775243 -5.78664201450573
TRINITY_DN52660_c0_g1_i3 0.04 0.02 0.0241538250366991 -5.37160451522689
TRINITY_DN52861_c0_g1_i1 0.04 0.03 0.0241538250366991 -5.37160451522689
TRINITY_DN5291_c0_g1_i11 0.04 0.02 0.0241538250366991 -5.37160451522689
TRINITY_DN53106_c0_g2_i1 0.04 0.03 0.0241538250366991 -5.37160451522689
TRINITY_DN53138_c0_g3_i2 0.04 0.02 0.0241538250366991 -5.37160451522689
TRINITY_DN53750_c0_g1_i4 0.03 0.02 0.0181153687775243 -5.78664201450573
TRINITY_DN53825_c0_g2_i2 0.04 0.02 0.0241538250366991 -5.37160451522689
TRINITY_DN5383_c0_g1_i6 0.04 0.02 0.0241538250366991 -5.37160451522689
TRINITY_DN539_c0_g1_i7 0.01 0.01 0.00603845625917478 -7.37160451522689
TRINITY_DN5416_c0_g2_i1 0.02 0.01 0.0120769125183496 -6.37160451522689
TRINITY_DN54234_c0_g2_i1 0.04 0.02 0.0241538250366991 -5.37160451522689
TRINITY_DN54334_c1_g1_i1 0.04 0.02 0.0241538250366991 -5.37160451522689
TRINITY_DN54632_c0_g2_i1 0.04 0.03 0.0241538250366991 -5.37160451522689
TRINITY_DN5464_c1_g1_i3 0.03 0.02 0.0181153687775243 -5.78664201450573
TRINITY_DN5467_c0_g1_i6 0.04 0.02 0.0241538250366991 -5.37160451522689
TRINITY_DN54865_c0_g2_i1 0.04 0.03 0.0241538250366991 -5.37160451522689
TRINITY_DN54903_c0_g3_i5 0.02 0.01 0.0120769125183496 -6.37160451522689
TRINITY_DN55072_c0_g2_i1 0.03 0.02 0.0181153687775243 -5.78664201450573
TRINITY_DN55293_c0_g1_i1 0.03 0.02 0.0181153687775243 -5.78664201450573
TRINITY_DN55408_c0_g1_i5 0.03 0.02 0.0181153687775243 -5.78664201450573
TRINITY_DN55525_c0_g1_i1 0.03 0.02 0.0181153687775243 -5.78664201450573
TRINITY_DN55530_c0_g1_i1 0.04 0.02 0.0241538250366991 -5.37160451522689
TRINITY_DN555_c0_g1_i1 0.03 0.02 0.0181153687775243 -5.78664201450573
TRINITY_DN55695_c0_g1_i1 0.03 0.02 0.0181153687775243 -5.78664201450573
TRINITY_DN556_c0_g1_i13 0.02 0.01 0.0120769125183496 -6.37160451522689
TRINITY_DN56080_c0_g1_i1 0.04 0.02 0.0241538250366991 -5.37160451522689
TRINITY_DN5611_c0_g1_i11 0.02 0.01 0.0120769125183496 -6.37160451522689
TRINITY_DN5611_c0_g1_i2 0.01 0 0.00603845625917478 -7.37160451522689
TRINITY_DN56416_c0_g1_i1 0.04 0.03 0.0241538250366991 -5.37160451522689
TRINITY_DN56447_c0_g4_i1 0.04 0.02 0.0241538250366991 -5.37160451522689
TRINITY_DN56749_c0_g1_i1 0.02 0.01 0.0120769125183496 -6.37160451522689
TRINITY_DN56882_c0_g4_i1 0.04 0.02 0.0241538250366991 -5.37160451522689
TRINITY_DN5691_c0_g1_i5 0.04 0.02 0.0241538250366991 -5.37160451522689
TRINITY_DN56955_c0_g1_i3 0.03 0.02 0.0181153687775243 -5.78664201450573
TRINITY_DN57200_c0_g1_i1 0.04 0.03 0.0241538250366991 -5.37160451522689
TRINITY_DN57296_c0_g1_i1 0.03 0.02 0.0181153687775243 -5.78664201450573
TRINITY_DN57407_c0_g1_i1 0.04 0.02 0.0241538250366991 -5.37160451522689
TRINITY_DN5741_c0_g1_i7 0.02 0.01 0.0120769125183496 -6.37160451522689
TRINITY_DN57525_c0_g1_i1 0.04 0.02 0.0241538250366991 -5.37160451522689
TRINITY_DN5756_c0_g1_i1 0.03 0.02 0.0181153687775243 -5.78664201450573
TRINITY_DN5756_c0_g1_i13 0.04 0.03 0.0241538250366991 -5.37160451522689
TRINITY_DN57570_c0_g1_i3 0.03 0.02 0.0181153687775243 -5.78664201450573
TRINITY_DN5760_c0_g1_i4 0.03 0.02 0.0181153687775243 -5.78664201450573
TRINITY_DN57702_c0_g1_i2 0.02 0.01 0.0120769125183496 -6.37160451522689
TRINITY_DN57812_c0_g1_i1 0.04 0.03 0.0241538250366991 -5.37160451522689
TRINITY_DN5782_c0_g2_i1 0.03 0.02 0.0181153687775243 -5.78664201450573
TRINITY_DN5793_c0_g3_i1 0.04 0.02 0.0241538250366991 -5.37160451522689
TRINITY_DN57976_c1_g1_i1 0.03 0.02 0.0181153687775243 -5.78664201450573
TRINITY_DN58120_c0_g2_i1 0.04 0.02 0.0241538250366991 -5.37160451522689
TRINITY_DN5812_c0_g2_i12 0.03 0.02 0.0181153687775243 -5.78664201450573
TRINITY_DN5833_c0_g1_i8 0.01 0 0.00603845625917478 -7.37160451522689
TRINITY_DN5871_c1_g1_i4 0.01 0.01 0.00603845625917478 -7.37160451522689
TRINITY_DN5875_c1_g1_i1 0.04 0.02 0.0241538250366991 -5.37160451522689
TRINITY_DN58947_c0_g1_i1 0.04 0.02 0.0241538250366991 -5.37160451522689
TRINITY_DN58957_c0_g1_i1 0.03 0.02 0.0181153687775243 -5.78664201450573
TRINITY_DN5901_c0_g1_i3 0.03 0.02 0.0181153687775243 -5.78664201450573
TRINITY_DN591_c5_g1_i1 0.04 0.02 0.0241538250366991 -5.37160451522689
TRINITY_DN59278_c0_g1_i2 0.04 0.03 0.0241538250366991 -5.37160451522689
TRINITY_DN59416_c0_g1_i1 0.04 0.02 0.0241538250366991 -5.37160451522689
TRINITY_DN59466_c0_g3_i1 0.03 0.02 0.0181153687775243 -5.78664201450573
TRINITY_DN59591_c0_g1_i1 0.04 0.02 0.0241538250366991 -5.37160451522689
TRINITY_DN596_c0_g1_i6 0.03 0.02 0.0181153687775243 -5.78664201450573
TRINITY_DN59787_c0_g2_i1 0.04 0.02 0.0241538250366991 -5.37160451522689
TRINITY_DN5995_c0_g1_i12 0.01 0 0.00603845625917478 -7.37160451522689
TRINITY_DN599_c0_g1_i11 0.02 0.01 0.0120769125183496 -6.37160451522689
TRINITY_DN60172_c0_g1_i1 0.03 0.02 0.0181153687775243 -5.78664201450573
TRINITY_DN60216_c0_g1_i1 0.04 0.02 0.0241538250366991 -5.37160451522689
TRINITY_DN60283_c0_g1_i1 0.04 0.02 0.0241538250366991 -5.37160451522689
TRINITY_DN60436_c0_g2_i1 0.03 0.02 0.0181153687775243 -5.78664201450573
TRINITY_DN6084_c0_g1_i6 0.04 0.02 0.0241538250366991 -5.37160451522689
TRINITY_DN61088_c0_g1_i1 0.03 0.02 0.0181153687775243 -5.78664201450573
TRINITY_DN61409_c0_g1_i1 0.04 0.02 0.0241538250366991 -5.37160451522689
TRINITY_DN615_c0_g1_i5 0.01 0.01 0.00603845625917478 -7.37160451522689
TRINITY_DN61827_c0_g3_i1 0.03 0.02 0.0181153687775243 -5.78664201450573
TRINITY_DN62150_c0_g2_i7 0.03 0.02 0.0181153687775243 -5.78664201450573
TRINITY_DN6215_c0_g1_i3 0.03 0.02 0.0181153687775243 -5.78664201450573
TRINITY_DN62573_c1_g1_i2 0.04 0.02 0.0241538250366991 -5.37160451522689
TRINITY_DN62687_c0_g5_i1 0.04 0.02 0.0241538250366991 -5.37160451522689
TRINITY_DN626_c0_g1_i1 0.04 0.03 0.0241538250366991 -5.37160451522689
TRINITY_DN626_c0_g2_i3 0.03 0.02 0.0181153687775243 -5.78664201450573
TRINITY_DN62708_c0_g7_i1 0.03 0.02 0.0181153687775243 -5.78664201450573
TRINITY_DN628_c0_g2_i8 0.03 0.02 0.0181153687775243 -5.78664201450573
TRINITY_DN63185_c0_g1_i1 0.04 0.02 0.0241538250366991 -5.37160451522689
TRINITY_DN63272_c0_g1_i1 0.03 0.02 0.0181153687775243 -5.78664201450573
TRINITY_DN63531_c0_g6_i1 0.03 0.02 0.0181153687775243 -5.78664201450573
TRINITY_DN63556_c0_g1_i1 0.04 0.02 0.0241538250366991 -5.37160451522689
TRINITY_DN63738_c2_g1_i1 0.03 0.02 0.0181153687775243 -5.78664201450573
TRINITY_DN64040_c0_g1_i1 0.04 0.03 0.0241538250366991 -5.37160451522689
TRINITY_DN64157_c0_g1_i2 0.02 0.01 0.0120769125183496 -6.37160451522689
TRINITY_DN6418_c0_g1_i6 0.02 0.01 0.0120769125183496 -6.37160451522689
TRINITY_DN6424_c0_g4_i1 0.03 0.02 0.0181153687775243 -5.78664201450573
TRINITY_DN64466_c0_g1_i1 0.04 0.03 0.0241538250366991 -5.37160451522689
TRINITY_DN646_c0_g1_i1 0.02 0.01 0.0120769125183496 -6.37160451522689
TRINITY_DN64713_c0_g1_i1 0.04 0.02 0.0241538250366991 -5.37160451522689
TRINITY_DN6471_c0_g2_i5 0.04 0.02 0.0241538250366991 -5.37160451522689
TRINITY_DN6474_c0_g1_i3 0.04 0.03 0.0241538250366991 -5.37160451522689
TRINITY_DN6474_c0_g1_i4 0.04 0.03 0.0241538250366991 -5.37160451522689
TRINITY_DN6496_c0_g1_i3 0.03 0.02 0.0181153687775243 -5.78664201450573
TRINITY_DN6496_c0_g1_i6 0.04 0.02 0.0241538250366991 -5.37160451522689
TRINITY_DN64994_c7_g1_i1 0.04 0.02 0.0241538250366991 -5.37160451522689
TRINITY_DN65047_c0_g1_i4 0.03 0.02 0.0181153687775243 -5.78664201450573
TRINITY_DN65085_c0_g1_i1 0.02 0.01 0.0120769125183496 -6.37160451522689
TRINITY_DN6518_c0_g2_i2 0.03 0.02 0.0181153687775243 -5.78664201450573
TRINITY_DN65304_c1_g1_i1 0.03 0.02 0.0181153687775243 -5.78664201450573
TRINITY_DN65361_c0_g4_i1 0.03 0.02 0.0181153687775243 -5.78664201450573
TRINITY_DN65397_c0_g1_i1 0.04 0.02 0.0241538250366991 -5.37160451522689
TRINITY_DN6580_c2_g1_i4 0.01 0.01 0.00603845625917478 -7.37160451522689
TRINITY_DN65995_c0_g1_i1 0.03 0.02 0.0181153687775243 -5.78664201450573
TRINITY_DN66050_c1_g1_i1 0.04 0.03 0.0241538250366991 -5.37160451522689
TRINITY_DN66052_c0_g1_i1 0.03 0.02 0.0181153687775243 -5.78664201450573
TRINITY_DN66094_c0_g2_i1 0.04 0.02 0.0241538250366991 -5.37160451522689
TRINITY_DN66121_c0_g5_i2 0.04 0.02 0.0241538250366991 -5.37160451522689
TRINITY_DN66223_c0_g1_i6 0.04 0.02 0.0241538250366991 -5.37160451522689
TRINITY_DN6624_c0_g1_i3 0.03 0.02 0.0181153687775243 -5.78664201450573
TRINITY_DN66281_c0_g1_i1 0.02 0.01 0.0120769125183496 -6.37160451522689
TRINITY_DN6629_c0_g1_i4 0.03 0.02 0.0181153687775243 -5.78664201450573
TRINITY_DN66362_c0_g2_i1 0.04 0.03 0.0241538250366991 -5.37160451522689
TRINITY_DN6648_c0_g1_i3 0.01 0.01 0.00603845625917478 -7.37160451522689
TRINITY_DN66500_c1_g1_i1 0.02 0.01 0.0120769125183496 -6.37160451522689
TRINITY_DN66656_c0_g1_i1 0.02 0.01 0.0120769125183496 -6.37160451522689
TRINITY_DN6670_c0_g1_i2 0.04 0.03 0.0241538250366991 -5.37160451522689
TRINITY_DN66_c0_g1_i4 0.01 0 0.00603845625917478 -7.37160451522689
TRINITY_DN67011_c0_g1_i1 0.04 0.03 0.0241538250366991 -5.37160451522689
TRINITY_DN6729_c0_g3_i8 0.02 0.01 0.0120769125183496 -6.37160451522689
TRINITY_DN67381_c0_g1_i1 0.03 0.02 0.0181153687775243 -5.78664201450573
TRINITY_DN67404_c0_g1_i2 0.04 0.02 0.0241538250366991 -5.37160451522689
TRINITY_DN67434_c0_g1_i1 0.03 0.02 0.0181153687775243 -5.78664201450573
TRINITY_DN67711_c0_g1_i1 0.04 0.03 0.0241538250366991 -5.37160451522689
TRINITY_DN6773_c1_g1_i2 0.03 0.02 0.0181153687775243 -5.78664201450573
TRINITY_DN679_c0_g2_i11 0.04 0.02 0.0241538250366991 -5.37160451522689
TRINITY_DN68465_c1_g1_i1 0.03 0.02 0.0181153687775243 -5.78664201450573
TRINITY_DN6859_c0_g1_i29 0.01 0.01 0.00603845625917478 -7.37160451522689
TRINITY_DN685_c1_g1_i2 0.03 0.02 0.0181153687775243 -5.78664201450573
TRINITY_DN68653_c0_g1_i1 0.03 0.02 0.0181153687775243 -5.78664201450573
TRINITY_DN68801_c0_g3_i1 0.04 0.02 0.0241538250366991 -5.37160451522689
TRINITY_DN69117_c0_g2_i5 0.04 0.03 0.0241538250366991 -5.37160451522689
TRINITY_DN69203_c0_g1_i4 0.03 0.02 0.0181153687775243 -5.78664201450573
TRINITY_DN69394_c0_g3_i1 0.02 0.01 0.0120769125183496 -6.37160451522689
TRINITY_DN6966_c0_g1_i10 0.03 0.02 0.0181153687775243 -5.78664201450573
TRINITY_DN69684_c0_g1_i1 0.03 0.02 0.0181153687775243 -5.78664201450573
TRINITY_DN6972_c1_g2_i1 0.04 0.03 0.0241538250366991 -5.37160451522689
TRINITY_DN698_c0_g1_i8 0.02 0.01 0.0120769125183496 -6.37160451522689
TRINITY_DN6_c93_g1_i2 0.04 0.03 0.0241538250366991 -5.37160451522689
TRINITY_DN7026_c2_g1_i1 0.02 0.01 0.0120769125183496 -6.37160451522689
TRINITY_DN70434_c0_g1_i2 0.04 0.02 0.0241538250366991 -5.37160451522689
TRINITY_DN70568_c1_g4_i1 0.04 0.03 0.0241538250366991 -5.37160451522689
TRINITY_DN70661_c0_g1_i2 0.04 0.03 0.0241538250366991 -5.37160451522689
TRINITY_DN70676_c0_g2_i3 0.04 0.03 0.0241538250366991 -5.37160451522689
TRINITY_DN70680_c0_g1_i1 0.04 0.03 0.0241538250366991 -5.37160451522689
TRINITY_DN7069_c0_g1_i8 0.04 0.02 0.0241538250366991 -5.37160451522689
TRINITY_DN7075_c1_g1_i1 0.03 0.02 0.0181153687775243 -5.78664201450573
TRINITY_DN7083_c0_g2_i1 0.04 0.03 0.0241538250366991 -5.37160451522689
TRINITY_DN7108_c0_g6_i1 0.04 0.03 0.0241538250366991 -5.37160451522689
TRINITY_DN71155_c0_g1_i1 0.03 0.02 0.0181153687775243 -5.78664201450573
TRINITY_DN71295_c0_g2_i1 0.04 0.03 0.0241538250366991 -5.37160451522689
TRINITY_DN71354_c0_g1_i1 0.03 0.02 0.0181153687775243 -5.78664201450573
TRINITY_DN71518_c0_g2_i1 0.04 0.03 0.0241538250366991 -5.37160451522689
TRINITY_DN71754_c0_g1_i5 0.04 0.02 0.0241538250366991 -5.37160451522689
TRINITY_DN71901_c0_g2_i2 0.01 0.01 0.00603845625917478 -7.37160451522689
TRINITY_DN71922_c0_g1_i1 0.03 0.02 0.0181153687775243 -5.78664201450573
TRINITY_DN72451_c0_g1_i10 0.01 0 0.00603845625917478 -7.37160451522689
TRINITY_DN724_c1_g3_i3 0.04 0.02 0.0241538250366991 -5.37160451522689
TRINITY_DN7262_c2_g1_i8 0.04 0.02 0.0241538250366991 -5.37160451522689
TRINITY_DN7302_c0_g1_i4 0.04 0.03 0.0241538250366991 -5.37160451522689
TRINITY_DN73643_c1_g1_i1 0.03 0.02 0.0181153687775243 -5.78664201450573
TRINITY_DN73728_c0_g1_i1 0.04 0.02 0.0241538250366991 -5.37160451522689
TRINITY_DN73901_c0_g2_i2 0.04 0.02 0.0241538250366991 -5.37160451522689
TRINITY_DN74254_c0_g1_i2 0.04 0.02 0.0241538250366991 -5.37160451522689
TRINITY_DN74473_c0_g1_i2 0.02 0.01 0.0120769125183496 -6.37160451522689
TRINITY_DN74542_c0_g1_i1 0.03 0.02 0.0181153687775243 -5.78664201450573
TRINITY_DN74713_c0_g1_i1 0.03 0.02 0.0181153687775243 -5.78664201450573
TRINITY_DN74817_c0_g1_i1 0.04 0.03 0.0241538250366991 -5.37160451522689
TRINITY_DN7483_c0_g1_i6 0.01 0 0.00603845625917478 -7.37160451522689
TRINITY_DN75247_c2_g2_i1 0.03 0.02 0.0181153687775243 -5.78664201450573
TRINITY_DN75495_c0_g1_i3 0.03 0.02 0.0181153687775243 -5.78664201450573
TRINITY_DN75565_c0_g3_i2 0.02 0.01 0.0120769125183496 -6.37160451522689
TRINITY_DN7571_c0_g2_i5 0.04 0.03 0.0241538250366991 -5.37160451522689
TRINITY_DN760_c1_g1_i4 0.04 0.03 0.0241538250366991 -5.37160451522689
TRINITY_DN760_c1_g2_i1 0.02 0.01 0.0120769125183496 -6.37160451522689
TRINITY_DN76109_c0_g1_i2 0.03 0.02 0.0181153687775243 -5.78664201450573
TRINITY_DN76599_c0_g3_i1 0.04 0.02 0.0241538250366991 -5.37160451522689
TRINITY_DN7659_c3_g2_i5 0.02 0.01 0.0120769125183496 -6.37160451522689
TRINITY_DN76650_c0_g2_i1 0.04 0.03 0.0241538250366991 -5.37160451522689
TRINITY_DN76743_c0_g1_i1 0.04 0.02 0.0241538250366991 -5.37160451522689
TRINITY_DN76985_c0_g7_i1 0.04 0.03 0.0241538250366991 -5.37160451522689
TRINITY_DN7711_c1_g1_i1 0.03 0.02 0.0181153687775243 -5.78664201450573
TRINITY_DN7786_c0_g1_i3 0.03 0.02 0.0181153687775243 -5.78664201450573
TRINITY_DN77888_c0_g1_i1 0.04 0.02 0.0241538250366991 -5.37160451522689
TRINITY_DN78045_c1_g3_i1 0.04 0.02 0.0241538250366991 -5.37160451522689
TRINITY_DN78166_c0_g2_i2 0.04 0.03 0.0241538250366991 -5.37160451522689
TRINITY_DN78770_c0_g1_i5 0.01 0 0.00603845625917478 -7.37160451522689
TRINITY_DN78826_c0_g2_i1 0.03 0.02 0.0181153687775243 -5.78664201450573
TRINITY_DN79203_c0_g1_i1 0.03 0.02 0.0181153687775243 -5.78664201450573
TRINITY_DN79568_c0_g1_i1 0.04 0.02 0.0241538250366991 -5.37160451522689
TRINITY_DN79597_c0_g1_i1 0.03 0.02 0.0181153687775243 -5.78664201450573
TRINITY_DN79688_c1_g2_i1 0.04 0.02 0.0241538250366991 -5.37160451522689
TRINITY_DN79709_c4_g1_i1 0.04 0.02 0.0241538250366991 -5.37160451522689
TRINITY_DN7993_c0_g1_i3 0.04 0.02 0.0241538250366991 -5.37160451522689
TRINITY_DN7993_c0_g1_i7 0.03 0.02 0.0181153687775243 -5.78664201450573
TRINITY_DN8004_c0_g1_i6 0.03 0.02 0.0181153687775243 -5.78664201450573
TRINITY_DN80081_c0_g3_i1 0.04 0.03 0.0241538250366991 -5.37160451522689
TRINITY_DN8010_c0_g1_i9 0.03 0.02 0.0181153687775243 -5.78664201450573
TRINITY_DN80168_c1_g1_i1 0.04 0.02 0.0241538250366991 -5.37160451522689
TRINITY_DN80172_c0_g2_i1 0.04 0.03 0.0241538250366991 -5.37160451522689
TRINITY_DN8017_c0_g1_i5 0.04 0.02 0.0241538250366991 -5.37160451522689
TRINITY_DN80869_c0_g3_i1 0.04 0.03 0.0241538250366991 -5.37160451522689
TRINITY_DN8112_c0_g1_i2 0.01 0 0.00603845625917478 -7.37160451522689
TRINITY_DN8112_c0_g1_i3 0.04 0.03 0.0241538250366991 -5.37160451522689
TRINITY_DN8112_c0_g2_i1 0.03 0.02 0.0181153687775243 -5.78664201450573
TRINITY_DN8119_c0_g1_i5 0.03 0.02 0.0181153687775243 -5.78664201450573
TRINITY_DN81_c0_g1_i4 0.03 0.02 0.0181153687775243 -5.78664201450573
TRINITY_DN8216_c0_g1_i3 0.03 0.02 0.0181153687775243 -5.78664201450573
TRINITY_DN821_c0_g1_i11 0.01 0 0.00603845625917478 -7.37160451522689
TRINITY_DN82256_c0_g1_i3 0.03 0.02 0.0181153687775243 -5.78664201450573
TRINITY_DN82609_c0_g2_i1 0.04 0.03 0.0241538250366991 -5.37160451522689
TRINITY_DN8261_c0_g1_i1 0.03 0.02 0.0181153687775243 -5.78664201450573
TRINITY_DN82699_c0_g4_i1 0.04 0.03 0.0241538250366991 -5.37160451522689
TRINITY_DN8320_c0_g3_i1 0.03 0.02 0.0181153687775243 -5.78664201450573
TRINITY_DN83289_c1_g1_i2 0.03 0.02 0.0181153687775243 -5.78664201450573
TRINITY_DN8335_c0_g1_i2 0.04 0.02 0.0241538250366991 -5.37160451522689
TRINITY_DN83380_c1_g1_i1 0.02 0.01 0.0120769125183496 -6.37160451522689
TRINITY_DN8349_c1_g1_i1 0.04 0.03 0.0241538250366991 -5.37160451522689
TRINITY_DN8368_c1_g2_i2 0.02 0.01 0.0120769125183496 -6.37160451522689
TRINITY_DN84164_c0_g1_i1 0.04 0.03 0.0241538250366991 -5.37160451522689
TRINITY_DN84310_c0_g1_i1 0.03 0.02 0.0181153687775243 -5.78664201450573
TRINITY_DN8440_c0_g2_i3 0.04 0.03 0.0241538250366991 -5.37160451522689
TRINITY_DN84510_c0_g1_i1 0.04 0.03 0.0241538250366991 -5.37160451522689
TRINITY_DN85050_c0_g2_i1 0.04 0.02 0.0241538250366991 -5.37160451522689
TRINITY_DN8507_c0_g1_i2 0.04 0.03 0.0241538250366991 -5.37160451522689
TRINITY_DN85217_c0_g1_i2 0.04 0.03 0.0241538250366991 -5.37160451522689
TRINITY_DN85519_c0_g2_i2 0.03 0.02 0.0181153687775243 -5.78664201450573
TRINITY_DN8567_c1_g1_i6 0.02 0.01 0.0120769125183496 -6.37160451522689
TRINITY_DN856_c0_g2_i19 0.04 0.03 0.0241538250366991 -5.37160451522689
TRINITY_DN856_c0_g2_i3 0.01 0 0.00603845625917478 -7.37160451522689
TRINITY_DN857_c0_g1_i4 0.03 0.02 0.0181153687775243 -5.78664201450573
TRINITY_DN85889_c0_g3_i2 0.03 0.02 0.0181153687775243 -5.78664201450573
TRINITY_DN85_c0_g1_i4 0.03 0.02 0.0181153687775243 -5.78664201450573
TRINITY_DN86041_c0_g1_i1 0.04 0.02 0.0241538250366991 -5.37160451522689
TRINITY_DN86698_c0_g1_i1 0.04 0.03 0.0241538250366991 -5.37160451522689
TRINITY_DN869_c0_g1_i1 0.03 0.02 0.0181153687775243 -5.78664201450573
TRINITY_DN87334_c0_g1_i3 0.03 0.02 0.0181153687775243 -5.78664201450573
TRINITY_DN87468_c0_g1_i1 0.04 0.03 0.0241538250366991 -5.37160451522689
TRINITY_DN87488_c0_g1_i2 0.04 0.02 0.0241538250366991 -5.37160451522689
TRINITY_DN87558_c0_g1_i1 0.03 0.02 0.0181153687775243 -5.78664201450573
TRINITY_DN87572_c0_g1_i1 0.04 0.03 0.0241538250366991 -5.37160451522689
TRINITY_DN8769_c0_g1_i15 0.03 0.02 0.0181153687775243 -5.78664201450573
TRINITY_DN8778_c1_g3_i9 0.03 0.02 0.0181153687775243 -5.78664201450573
TRINITY_DN87833_c0_g2_i1 0.04 0.02 0.0241538250366991 -5.37160451522689
TRINITY_DN88129_c0_g1_i1 0.04 0.03 0.0241538250366991 -5.37160451522689
TRINITY_DN88197_c0_g2_i1 0.03 0.02 0.0181153687775243 -5.78664201450573
TRINITY_DN8829_c0_g1_i7 0.04 0.03 0.0241538250366991 -5.37160451522689
TRINITY_DN8845_c1_g3_i2 0.04 0.03 0.0241538250366991 -5.37160451522689
TRINITY_DN88658_c0_g1_i4 0.04 0.02 0.0241538250366991 -5.37160451522689
TRINITY_DN888_c0_g1_i1 0.03 0.02 0.0181153687775243 -5.78664201450573
TRINITY_DN89573_c1_g4_i4 0.02 0.01 0.0120769125183496 -6.37160451522689
TRINITY_DN8975_c0_g1_i14 0.04 0.02 0.0241538250366991 -5.37160451522689
TRINITY_DN89786_c0_g1_i1 0.04 0.02 0.0241538250366991 -5.37160451522689
TRINITY_DN89971_c3_g1_i1 0.03 0.02 0.0181153687775243 -5.78664201450573
TRINITY_DN90003_c0_g1_i1 0.03 0.02 0.0181153687775243 -5.78664201450573
TRINITY_DN90065_c0_g1_i1 0.04 0.03 0.0241538250366991 -5.37160451522689
TRINITY_DN90289_c0_g1_i1 0.02 0.01 0.0120769125183496 -6.37160451522689
TRINITY_DN9036_c0_g2_i4 0.02 0.01 0.0120769125183496 -6.37160451522689
TRINITY_DN9107_c0_g1_i3 0.03 0.02 0.0181153687775243 -5.78664201450573
TRINITY_DN91095_c0_g1_i1 0.04 0.02 0.0241538250366991 -5.37160451522689
TRINITY_DN91264_c1_g1_i2 0.04 0.02 0.0241538250366991 -5.37160451522689
TRINITY_DN9128_c0_g1_i1 0.01 0.01 0.00603845625917478 -7.37160451522689
TRINITY_DN91338_c0_g1_i1 0.04 0.03 0.0241538250366991 -5.37160451522689
TRINITY_DN91376_c2_g1_i1 0.04 0.03 0.0241538250366991 -5.37160451522689
TRINITY_DN92049_c0_g1_i1 0.04 0.03 0.0241538250366991 -5.37160451522689
TRINITY_DN92259_c0_g2_i1 0.02 0.01 0.0120769125183496 -6.37160451522689
TRINITY_DN92262_c0_g1_i1 0.04 0.03 0.0241538250366991 -5.37160451522689
TRINITY_DN92269_c0_g2_i1 0.04 0.03 0.0241538250366991 -5.37160451522689
TRINITY_DN92348_c0_g3_i1 0.03 0.02 0.0181153687775243 -5.78664201450573
TRINITY_DN9267_c0_g3_i1 0.03 0.02 0.0181153687775243 -5.78664201450573
TRINITY_DN92805_c0_g1_i1 0.04 0.03 0.0241538250366991 -5.37160451522689
TRINITY_DN9283_c0_g1_i6 0.03 0.02 0.0181153687775243 -5.78664201450573
TRINITY_DN9288_c2_g1_i1 0.04 0.03 0.0241538250366991 -5.37160451522689
TRINITY_DN93181_c0_g2_i1 0.03 0.02 0.0181153687775243 -5.78664201450573
TRINITY_DN9350_c0_g1_i7 0.02 0.01 0.0120769125183496 -6.37160451522689
TRINITY_DN9358_c0_g2_i13 0.03 0.02 0.0181153687775243 -5.78664201450573
TRINITY_DN9358_c0_g2_i22 0.03 0.02 0.0181153687775243 -5.78664201450573
TRINITY_DN9370_c0_g1_i4 0.03 0.02 0.0181153687775243 -5.78664201450573
TRINITY_DN93799_c0_g1_i1 0.02 0.01 0.0120769125183496 -6.37160451522689
TRINITY_DN9425_c2_g1_i2 0.04 0.02 0.0241538250366991 -5.37160451522689
TRINITY_DN9431_c0_g3_i3 0.04 0.03 0.0241538250366991 -5.37160451522689
TRINITY_DN94352_c0_g1_i2 0.04 0.02 0.0241538250366991 -5.37160451522689
TRINITY_DN948_c12_g1_i2 0.04 0.03 0.0241538250366991 -5.37160451522689
TRINITY_DN953_c0_g1_i14 0.04 0.03 0.0241538250366991 -5.37160451522689
TRINITY_DN954_c0_g1_i5 0.03 0.02 0.0181153687775243 -5.78664201450573
TRINITY_DN9565_c0_g1_i1 0.02 0.01 0.0120769125183496 -6.37160451522689
TRINITY_DN95834_c0_g1_i1 0.04 0.02 0.0241538250366991 -5.37160451522689
TRINITY_DN9643_c0_g1_i1 0.04 0.03 0.0241538250366991 -5.37160451522689
TRINITY_DN96553_c0_g4_i2 0.03 0.02 0.0181153687775243 -5.78664201450573
TRINITY_DN96553_c0_g4_i7 0.04 0.02 0.0241538250366991 -5.37160451522689
TRINITY_DN96846_c0_g2_i1 0.04 0.03 0.0241538250366991 -5.37160451522689
TRINITY_DN9697_c0_g2_i4 0.03 0.02 0.0181153687775243 -5.78664201450573
TRINITY_DN9697_c0_g4_i6 0.03 0.02 0.0181153687775243 -5.78664201450573
TRINITY_DN97032_c0_g1_i4 0.03 0.02 0.0181153687775243 -5.78664201450573
TRINITY_DN97272_c0_g1_i1 0.03 0.02 0.0181153687775243 -5.78664201450573
TRINITY_DN97465_c0_g1_i3 0.03 0.02 0.0181153687775243 -5.78664201450573
TRINITY_DN97559_c0_g1_i1 0.04 0.03 0.0241538250366991 -5.37160451522689
TRINITY_DN97693_c0_g1_i1 0.04 0.02 0.0241538250366991 -5.37160451522689
TRINITY_DN9776_c0_g2_i1 0.04 0.03 0.0241538250366991 -5.37160451522689
TRINITY_DN97901_c0_g1_i1 0.04 0.02 0.0241538250366991 -5.37160451522689
TRINITY_DN9795_c0_g1_i4 0.03 0.02 0.0181153687775243 -5.78664201450573
TRINITY_DN983_c5_g2_i4 0.01 0.01 0.00603845625917478 -7.37160451522689
TRINITY_DN98411_c0_g1_i1 0.04 0.02 0.0241538250366991 -5.37160451522689
TRINITY_DN98704_c0_g1_i1 0.04 0.03 0.0241538250366991 -5.37160451522689
TRINITY_DN993_c1_g1_i18 0.04 0.02 0.0241538250366991 -5.37160451522689
TRINITY_DN99540_c0_g1_i1 0.02 0.01 0.0120769125183496 -6.37160451522689
TRINITY_DN99927_c0_g1_i2 0.03 0.02 0.0181153687775243 -5.78664201450573
