transcript_id TPM FPKM fold.change log2.FC
TRINITY_DN1001_c3_g1_i1 91.12 71.88 43.8005770721105 5.45287797232997
TRINITY_DN10023_c0_g1_i2 206.59 162.97 99.3059835088597 6.63380874233375
TRINITY_DN10040_c0_g2_i4 135.41 106.82 65.090387854856 6.02437260574361
TRINITY_DN10051_c0_g1_i1 221.55 174.77 106.497123028161 6.73467064699516
TRINITY_DN100567_c1_g1_i1 352.87 278.36 169.621484102674 7.40617510168882
TRINITY_DN100597_c0_g1_i2 3132.77 2471.31 1505.89479624885 10.5564052696576
TRINITY_DN100597_c0_g1_i4 437.34 345 210.225465064934 7.71579362642834
TRINITY_DN100597_c0_g1_i6 519.78 410.03 249.853643004188 7.96493944329283
TRINITY_DN1008_c0_g1_i2 126.68 99.93 60.8939541647822 5.92822709265004
TRINITY_DN1010_c2_g1_i1 91.43 72.13 43.9495913268553 5.45777784516024
TRINITY_DN10131_c0_g2_i1 226.58 178.74 108.914999484183 6.76705884163762
TRINITY_DN1017_c1_g1_i4 89.5 70.6 43.0218574182823 5.42699790766084
TRINITY_DN102414_c1_g2_i1 96.09 75.8 46.1896120594721 5.52949652411769
TRINITY_DN1026_c0_g1_i5 88.36 69.7 42.4738695137366 5.40850364397713
TRINITY_DN1035_c19_g1_i1 102.99 81.24 49.5063809554067 5.62954258330027
TRINITY_DN10365_c0_g1_i1 264.33 208.52 127.061090182956 6.98937849238902
TRINITY_DN1039_c1_g3_i1 110.13 86.88 52.9385157259825 5.72624584044256
TRINITY_DN1039_c2_g3_i1 85.64 67.56 41.1663896011363 5.36339502100736
TRINITY_DN1039_c6_g1_i24 118.79 93.71 57.1013010359526 5.83545171222212
TRINITY_DN10406_c1_g1_i4 134.08 105.77 64.451068632886 6.01013237432121
TRINITY_DN1041_c0_g1_i3 138.94 109.6 66.7872275943703 6.06150032261496
TRINITY_DN1041_c0_g1_i9 445.47 351.41 214.133484068405 7.74236659746607
TRINITY_DN1041_c1_g1_i3 86.94 68.59 41.7912880887761 5.38513032089994
TRINITY_DN1043_c1_g1_i1 83.92 66.2 40.3396008328743 5.33412490319912
TRINITY_DN10457_c0_g1_i2 1020.45 804.99 490.521278240069 8.93817191000231
TRINITY_DN1047_c0_g1_i4 90.15 71.12 43.3343066621023 5.43743771694156
TRINITY_DN10491_c0_g2_i2 110.05 86.81 52.9000604344354 5.72519746540077
TRINITY_DN1051_c0_g1_i1 94.03 74.17 45.199388302135 5.49823134320376
TRINITY_DN10531_c0_g1_i3 101.77 80.28 48.9199377593139 5.61235066321737
TRINITY_DN105349_c0_g1_i1 936.65 738.89 450.239360344515 8.81454837382506
TRINITY_DN10535_c0_g1_i2 91.49 72.17 43.9784327955156 5.45872428847489
TRINITY_DN10550_c0_g1_i6 98.52 77.72 47.3576915402142 5.56552685312082
TRINITY_DN10587_c0_g1_i1 88.52 69.83 42.5507800968307 5.41111367642287
TRINITY_DN10593_c0_g1_i3 252.73 199.37 121.485072908631 6.92463524793767
TRINITY_DN10593_c0_g1_i8 75.93 59.9 36.4988785896109 5.1897802334537
TRINITY_DN106246_c0_g1_i1 137.18 108.22 65.9412111803349 6.04310848095261
TRINITY_DN10624_c0_g1_i1 107.83 85.07 51.8329260940043 5.69579693453224
TRINITY_DN1064_c0_g1_i1 149.14 117.65 71.6902772666215 6.16370556680809
TRINITY_DN1070_c0_g1_i2 1822.23 1437.48 875.929823947671 9.77467148117862
TRINITY_DN1070_c0_g1_i3 77.01 60.75 37.0180250254963 5.21015602191843
TRINITY_DN1070_c1_g1_i12 124.79 98.44 59.9854479019827 5.90654064917561
TRINITY_DN1070_c1_g1_i15 250.31 197.46 120.321800339332 6.91075424868146
TRINITY_DN107148_c0_g1_i1 608.77 480.23 292.630347938857 8.19293558519272
TRINITY_DN107154_c0_g1_i1 2554.64 2015.25 1227.99282497252 10.2620864158858
TRINITY_DN10812_c0_g1_i2 161.72 127.57 77.737371862398 6.28053642889355
TRINITY_DN1087_c0_g1_i1 75.64 59.67 36.3594781577528 5.18425958857162
TRINITY_DN10910_c0_g1_i1 929.19 733 446.653404407751 8.8030119480287
TRINITY_DN10914_c0_g1_i3 453.78 357.97 218.128027477856 7.76903134492271
TRINITY_DN10935_c0_g1_i2 123.29 97.26 59.2644111854752 5.88909410826992
TRINITY_DN1099_c0_g1_i7 441.01 347.9 211.989601564656 7.72784968975646
TRINITY_DN1099_c2_g1_i6 159.18 125.57 76.5164163557786 6.25769740157171
TRINITY_DN10_c2_g2_i1 850.53 670.95 408.842238994097 8.67540044387644
TRINITY_DN10_c2_g2_i2 813.51 641.75 391.047052830691 8.61119840037979
TRINITY_DN10_c2_g3_i3 456.15 359.84 219.267265489938 7.77654663726117
TRINITY_DN11017_c0_g1_i2 92.56 73.02 44.4927723199577 5.47549908972934
TRINITY_DN1106_c0_g1_i12 113.3 89.38 54.4623066535351 5.76718618132973
TRINITY_DN1106_c0_g1_i3 79.37 62.61 38.1524561261348 5.2537040307659
TRINITY_DN1106_c0_g1_i7 876.27 691.25 421.215229049366 8.71841378776422
TRINITY_DN1106_c0_g1_i8 325.86 257.06 156.638016294095 7.29129058926721
TRINITY_DN1106_c0_g1_i9 76.92 60.68 36.9747628225059 5.20846898796175
TRINITY_DN11075_c0_g1_i1 97.46 76.88 46.8481589272156 5.54992044781417
TRINITY_DN11110_c0_g4_i1 393.67 310.55 189.233682791678 7.56402509489758
TRINITY_DN11147_c0_g2_i1 104.7 82.59 50.3283628122252 5.65329976244003
TRINITY_DN11161_c0_g1_i1 104.98 82.81 50.46295633264 5.65715282283263
TRINITY_DN1128_c6_g1_i2 87.39 68.94 42.0075991037284 5.39257842748336
TRINITY_DN11322_c0_g1_i2 314 247.7 150.937019322242 7.23780287928821
TRINITY_DN1137_c0_g1_i1 174.45 137.61 83.8565701298252 6.38985191770359
TRINITY_DN11407_c0_g1_i14 649.24 512.16 312.08391855023 8.28579020795598
TRINITY_DN11428_c0_g1_i2 343.83 271.23 165.276036157855 7.36873374911466
TRINITY_DN11441_c0_g1_i11 156.82 123.71 75.38198525514 6.23614788511423
TRINITY_DN11441_c0_g1_i2 538.74 424.99 258.967547100843 8.01662750556227
TRINITY_DN11441_c0_g1_i8 307.7 242.73 147.90866511291 7.20856276384276
TRINITY_DN11441_c0_g1_i9 179.41 141.53 86.2407982057434 6.43029862597104
TRINITY_DN1145_c2_g1_i4 138.27 109.07 66.4651645276637 6.05452649367966
TRINITY_DN11464_c0_g1_i6 104.04 82.08 50.0111066569619 5.64417662456485
TRINITY_DN11464_c0_g1_i7 138.96 109.62 66.7968414172571 6.06170797933225
TRINITY_DN11474_c0_g2_i4 97.8 77.15 47.0115939162906 5.55494469046145
TRINITY_DN11481_c0_g1_i1 618.34 487.78 297.230562190175 8.21543865576325
TRINITY_DN1149_c3_g1_i1 726.44 573.06 349.193274893151 8.44788196417241
TRINITY_DN11590_c0_g1_i3 86.31 68.09 41.488452667843 5.3746379470823
TRINITY_DN11590_c0_g1_i4 113.88 89.84 54.7411075172513 5.77455271836412
TRINITY_DN11593_c0_g1_i4 437.81 345.37 210.451389902773 7.71734322760392
TRINITY_DN115_c0_g1_i6 104.92 82.77 50.4341148639797 5.65632803288684
TRINITY_DN1160_c0_g1_i5 176.43 139.18 84.8083385956151 6.40613421650494
TRINITY_DN11654_c0_g1_i1 328.44 259.09 157.878199446488 7.30266816070797
TRINITY_DN11671_c0_g1_i3 175.85 138.72 84.5295377318988 6.40138365513452
TRINITY_DN11674_c1_g1_i3 157.04 123.88 75.4877373068945 6.23817039808803
TRINITY_DN1167_c0_g1_i1 763.77 602.5 367.137475311302 8.52017657385623
TRINITY_DN1167_c0_g1_i10 326.26 257.37 156.83029275183 7.29306044171378
TRINITY_DN1167_c0_g1_i11 4878.82 3848.7 2345.20556882083 11.1954986722727
TRINITY_DN1167_c0_g1_i12 816.17 643.84 392.325691274631 8.61590800253079
TRINITY_DN1167_c0_g1_i16 5843.11 4609.39 2808.73123239486 11.4557028641843
TRINITY_DN1167_c0_g1_i17 3850.24 3037.3 1850.77627157729 10.8539147922995
TRINITY_DN1167_c0_g1_i18 2118.71 1671.37 1018.44513442111 9.99215254633001
TRINITY_DN1167_c0_g1_i23 117.22 92.47 56.3466159393414 5.81625706262055
TRINITY_DN1167_c0_g1_i4 189.26 149.3 90.9756059774761 6.50740785060298
TRINITY_DN1167_c0_g1_i7 405.79 320.11 195.059659461059 7.60777163295397
TRINITY_DN1167_c0_g1_i8 363.79 286.98 174.870631398848 7.45014420634736
TRINITY_DN11690_c0_g2_i1 119.41 94.19 57.3993295454424 5.84296198044487
TRINITY_DN1170_c0_g1_i3 581.29 458.55 279.420955292439 8.1262964101027
TRINITY_DN11790_c0_g1_i2 282.09 222.53 135.598164906405 7.08319384392492
TRINITY_DN11806_c0_g1_i2 90.7 71.55 43.5986867914883 5.44621277603774
TRINITY_DN11820_c0_g6_i1 870.23 686.49 418.311854537562 8.70843507286358
TRINITY_DN11832_c0_g1_i5 676.65 533.78 325.259662816545 8.34544810694973
TRINITY_DN11832_c0_g1_i8 480.28 378.87 230.866342802823 7.85091405274917
TRINITY_DN118356_c2_g1_i2 575.15 453.71 276.469511666202 8.1109765823751
TRINITY_DN11849_c0_g1_i1 5103.91 4026.26 2453.40433849995 11.2605693045654
TRINITY_DN1184_c0_g1_i1 88.49 69.81 42.5363593625006 5.41062465488012
TRINITY_DN11869_c0_g1_i1 85.09 67.12 40.9020094717502 5.35409981785179
TRINITY_DN1188_c0_g1_i12 100.71 79.45 48.4104051463152 5.59724526304056
TRINITY_DN11902_c0_g1_i15 85.3 67.29 41.0029546120613 5.35765596682751
TRINITY_DN1190_c0_g2_i1 1120.2 883.68 538.47021988782 9.07272274845658
TRINITY_DN1190_c1_g1_i2 453.97 358.12 218.219358795281 7.76963528226619
TRINITY_DN1190_c2_g3_i1 111.93 88.3 53.8037597857915 5.74963508615979
TRINITY_DN11918_c0_g1_i1 128.44 101.32 61.7399705788177 5.94813289034762
TRINITY_DN11923_c0_g3_i1 130.53 102.97 62.7446150704848 5.97141974288354
TRINITY_DN11946_c0_g1_i3 114.14 90.04 54.8660872147793 5.77784278829831
TRINITY_DN11959_c0_g2_i2 183.6 144.84 88.2548941005211 6.46360437892302
TRINITY_DN1197_c0_g1_i2 94.12 74.25 45.2426505051255 5.49961154584615
TRINITY_DN12003_c0_g2_i1 84.86 66.94 40.7914505085524 5.35019490391259
TRINITY_DN1201_c1_g1_i10 116.92 92.23 56.2024085960399 5.81256005442791
TRINITY_DN1201_c1_g1_i18 204.12 161.02 98.118676382344 6.6164558670064
TRINITY_DN12036_c0_g2_i1 75.53 59.58 36.3066021318756 5.18216001216748
TRINITY_DN12063_c0_g1_i4 526.75 415.53 253.204060280226 7.98415672921389
TRINITY_DN1214_c0_g1_i1 79.41 62.64 38.1716837719084 5.25443092083841
TRINITY_DN1222_c0_g3_i2 332.89 262.6 160.017275038793 7.32208385280899
TRINITY_DN12252_c0_g1_i1 240.33 189.59 115.524502718836 6.85205506913753
TRINITY_DN12257_c0_g4_i1 211.03 166.47 101.440252189722 6.66448642704064
TRINITY_DN12258_c0_g4_i1 145.79 115.01 70.079961933088 6.13093008616549
TRINITY_DN1227_c3_g2_i1 89.05 70.25 42.8055464033301 5.41972583661084
TRINITY_DN12323_c0_g1_i1 103.63 81.75 49.8140232877832 5.63848003155391
TRINITY_DN1233_c0_g1_i3 89.88 70.9 43.2045200531309 5.43311034980176
TRINITY_DN12358_c0_g1_i5 90.86 71.68 43.6755973745825 5.4487555306786
TRINITY_DN12418_c0_g1_i1 122.72 96.81 58.9904172332023 5.88240870812479
TRINITY_DN12432_c0_g1_i2 114.71 90.49 55.1400811670521 5.78502948590644
TRINITY_DN12446_c0_g1_i9 328.41 259.07 157.863778712158 7.30253637764865
TRINITY_DN12522_c0_g2_i1 82.84 65.35 39.8204543969889 5.31543777884237
TRINITY_DN12527_c0_g2_i3 146.41 115.5 70.3779904425778 6.13705241517104
TRINITY_DN12626_c2_g1_i1 148.32 117 71.2961105282641 6.15575146924739
TRINITY_DN1263_c0_g2_i1 111.35 87.84 53.5249589220753 5.74213987829701
TRINITY_DN1267_c0_g1_i4 105.98 83.6 50.9436474769783 5.67083035266519
TRINITY_DN1274_c3_g1_i1 177.71 140.19 85.4236232603682 6.41656318636901
TRINITY_DN12757_c1_g1_i1 97.14 76.63 46.6943377610273 5.54517571164558
TRINITY_DN12804_c0_g2_i3 137.93 108.81 66.3017295385886 6.05097459967771
TRINITY_DN1283_c0_g1_i1 147.37 116.25 70.8394539411426 6.14648118614938
TRINITY_DN12844_c1_g1_i4 156.34 123.33 75.1512535058576 6.23172526305565
TRINITY_DN1284_c0_g2_i3 165.79 130.78 79.693784819855 6.31639531020462
TRINITY_DN1284_c0_g2_i4 178.59 140.89 85.8466314673859 6.42368962037112
TRINITY_DN128670_c1_g1_i1 212.38 167.54 102.089185234579 6.67368623292649
TRINITY_DN1287_c1_g1_i11 272.75 215.17 131.108509618285 7.03461751672019
TRINITY_DN1287_c1_g1_i16 207.71 163.85 99.8443575905187 6.64160899520373
TRINITY_DN1287_c1_g1_i19 81.92 64.62 39.3782185441976 5.29932594062185
TRINITY_DN1287_c1_g1_i20 246.1 194.13 118.298090621668 6.88628297796738
TRINITY_DN1287_c1_g1_i3 401.85 317 193.165736352366 7.59369540207275
TRINITY_DN128_c1_g1_i1 391.47 308.82 188.176162274134 7.55594007210759
TRINITY_DN128_c1_g1_i4 350.49 276.48 168.477439179148 7.39641160276321
TRINITY_DN1295_c0_g1_i2 125.29 98.83 60.2257934741519 5.91230959096726
TRINITY_DN1298_c2_g1_i3 84.93 67 40.8250988886561 5.35138447524876
TRINITY_DN129_c0_g1_i7 96.39 76.04 46.3338194027736 5.53399370681442
TRINITY_DN129_c8_g1_i1 80.41 63.44 38.6523749162467 5.27248515521159
TRINITY_DN130311_c0_g1_i1 1848.81 1458.45 888.706594564185 9.79556338336899
TRINITY_DN13084_c0_g2_i5 303.27 239.24 145.779203343491 7.18764111126934
TRINITY_DN1317_c0_g2_i2 158.44 124.99 76.1607049089682 6.25097492652647
TRINITY_DN1323_c0_g3_i1 3622.72 2857.82 1741.40942241743 10.7660397192705
TRINITY_DN1324_c0_g1_i3 440.72 347.67 211.850201132798 7.72690068818695
TRINITY_DN13251_c0_g1_i1 185.06 145.98 88.9567031712551 6.47503141614778
TRINITY_DN132619_c0_g1_i1 419.28 330.75 201.544182998183 7.65495233425977
TRINITY_DN1334_c0_g2_i1 118.54 93.51 56.981128249868 5.83241228278947
TRINITY_DN1335_c0_g2_i5 338.05 266.67 162.497641343579 7.34427496732125
TRINITY_DN1335_c0_g2_i6 1092.61 861.91 525.207951215525 9.03674494738476
TRINITY_DN134022_c0_g1_i1 5531.72 4363.75 2659.04881695934 11.3766945482581
TRINITY_DN134022_c0_g1_i3 3876.3 3057.86 1863.30308279875 10.8636466451934
TRINITY_DN13407_c0_g1_i7 85.56 67.49 41.1279343095892 5.3620467077869
TRINITY_DN13424_c0_g1_i2 94.9 74.86 45.6175895977094 5.51151831253033
TRINITY_DN1345_c0_g1_i4 192.67 151.99 92.6147627796699 6.533170272082
TRINITY_DN1345_c0_g1_i6 105.28 83.05 50.6071636759415 5.6612697143571
TRINITY_DN1345_c0_g4_i1 76.02 59.97 36.5421407926014 5.19148925048382
TRINITY_DN13461_c0_g1_i1 470.8 371.4 226.309390754495 7.82215264054766
TRINITY_DN13514_c0_g1_i1 153.68 121.23 73.8726150619176 6.20696774428738
TRINITY_DN13514_c1_g1_i1 2349.36 1853.31 1129.31654686275 10.141234214156
TRINITY_DN1351_c0_g1_i13 101.57 80.13 48.8237995304462 5.6095126667462
TRINITY_DN1351_c0_g1_i14 572.45 451.58 275.171645576488 8.10418800831151
TRINITY_DN135233_c0_g1_i3 130.96 103.31 62.9513122625503 5.97616454709601
TRINITY_DN1366_c0_g1_i8 235.89 186.08 113.390234037973 6.82515258039258
TRINITY_DN13769_c0_g1_i1 199.95 157.73 96.1141943104531 6.58667760131935
TRINITY_DN137_c0_g1_i1 181.96 143.54 87.4665606238062 6.45065965991351
TRINITY_DN13804_c0_g1_i5 106.26 83.82 51.0782409973931 5.67463693809492
TRINITY_DN13804_c0_g1_i8 94.14 74.27 45.2522643280123 5.49991807831111
TRINITY_DN13879_c0_g1_i1 81.51 64.3 39.1811351750189 5.29208729156499
TRINITY_DN1388_c1_g2_i4 87.18 68.77 41.9066539634174 5.38910742897585
TRINITY_DN13898_c2_g1_i2 79.51 62.72 38.2197528863422 5.25624654534294
TRINITY_DN13910_c0_g1_i1 89.72 70.78 43.1276094700368 5.43053984570813
TRINITY_DN13911_c0_g1_i1 324.79 256.21 156.123676769653 7.28654553405984
TRINITY_DN13926_c0_g2_i2 75.61 59.64 36.3450574234226 5.18368727978756
TRINITY_DN13926_c0_g2_i3 126.84 100.06 60.9708647478763 5.93004810272569
TRINITY_DN139508_c0_g1_i2 964.84 761.12 463.790043703414 8.85732803939666
TRINITY_DN13975_c0_g1_i1 117.05 92.34 56.2648984448039 5.81416325462123
TRINITY_DN1402_c1_g1_i12 7203.7 5682.71 3462.75479647017 11.7577045161357
TRINITY_DN1402_c1_g1_i16 277.53 218.94 133.406213288222 7.05968205023545
TRINITY_DN1402_c1_g1_i19 581.45 458.69 279.497865875534 8.12669345709171
TRINITY_DN1402_c1_g1_i2 136.84 107.94 65.7777761912598 6.03952832938975
TRINITY_DN1402_c1_g1_i20 330.35 260.6 158.796319532174 7.31103366488649
TRINITY_DN1402_c1_g1_i7 236.42 186.5 113.645000344473 6.82839040594196
TRINITY_DN1405_c4_g6_i1 169.73 133.89 81.5877079285481 6.35027990582989
TRINITY_DN1405_c4_g7_i1 176.31 139.08 84.7506556582945 6.40515262433175
TRINITY_DN1412_c1_g1_i8 77.24 60.94 37.1285839886942 5.21445838957251
TRINITY_DN1412_c9_g1_i2 86.9 68.55 41.7720604430026 5.38446640232362
TRINITY_DN1414_c0_g1_i18 81.56 64.34 39.2051697322358 5.29297200063845
TRINITY_DN1414_c0_g1_i5 187.01 147.53 89.8940509027148 6.4901537376889
TRINITY_DN1416_c0_g1_i1 99.37 78.39 47.7662790129018 5.57792059031238
TRINITY_DN14192_c0_g2_i1 127.8 100.82 61.4323282464411 5.94092615645621
TRINITY_DN142072_c0_g1_i1 664.77 524.41 319.549052021805 8.31989359724375
TRINITY_DN14253_c0_g2_i1 81.81 64.54 39.3253425183204 5.29738742625827
TRINITY_DN1432_c1_g1_i6 100.88 79.58 48.4921226408527 5.59967850095007
TRINITY_DN1432_c1_g1_i7 284.62 224.53 136.814313501581 7.09607536252419
TRINITY_DN1435_c1_g1_i6 187.02 147.53 89.8988578141582 6.49023088096838
TRINITY_DN1436_c0_g1_i5 686.9 541.87 330.186747046013 8.36713840465126
TRINITY_DN1436_c0_g1_i9 199.94 157.72 96.1093873990097 6.58660544672477
TRINITY_DN14392_c0_g1_i1 86.52 68.25 41.589397808154 5.37814389058383
TRINITY_DN144078_c0_g1_i2 302.71 238.8 145.510016302662 7.1849746554362
TRINITY_DN144124_c0_g1_i2 464.44 366.38 223.252195076503 7.80253055016228
TRINITY_DN14427_c0_g1_i5 250.3 197.45 120.316993427889 6.91069661119755
TRINITY_DN1450_c0_g2_i2 193.72 152.82 93.1194884812252 6.54101122822348
TRINITY_DN14530_c5_g1_i1 350.81 276.74 168.631260345337 7.39772819322414
TRINITY_DN14649_c0_g2_i3 113.38 89.44 54.5007619450821 5.76820449444128
TRINITY_DN14688_c0_g1_i1 178.53 140.83 85.8177899987256 6.42320484380712
TRINITY_DN1476_c0_g6_i1 78.16 61.66 37.5708198414854 5.23154069259024
TRINITY_DN147_c0_g1_i10 128.36 101.26 61.7015152872706 5.94723401490366
TRINITY_DN147_c0_g1_i2 157.81 124.49 75.857869488035 6.24522694816717
TRINITY_DN147_c0_g1_i5 243.97 192.46 117.274218484227 6.87374207651622
TRINITY_DN14804_c0_g1_i2 118.73 93.66 57.0724595672923 5.83472283293369
TRINITY_DN14806_c0_g1_i1 282.35 222.73 135.723144603933 7.08452295149051
TRINITY_DN1481_c0_g1_i4 487.53 384.6 234.351353599276 7.87252931753522
TRINITY_DN1481_c0_g3_i1 906.16 714.83 435.583087353639 8.76680412852945
TRINITY_DN14829_c0_g1_i1 129.64 102.26 62.3167999520237 5.9615492459397
TRINITY_DN14846_c0_g1_i1 120.75 95.25 58.0434556788558 5.85906150923235
TRINITY_DN1484_c0_g2_i6 120.44 95.01 57.8944414241109 5.85535293334653
TRINITY_DN1495_c0_g2_i1 106.94 84.36 51.4051109755431 5.68383990202047
TRINITY_DN1500_c0_g4_i1 78.32 61.79 37.6477304245796 5.23449099022555
TRINITY_DN15019_c0_g2_i2 86.37 68.13 41.5172941365033 5.37564051490645
TRINITY_DN15095_c0_g1_i3 81.38 64.2 39.1186453262549 5.28978450569557
TRINITY_DN15130_c0_g1_i3 80.03 63.14 38.4697122813982 5.26565113451013
TRINITY_DN15139_c0_g1_i2 79.49 62.7 38.2101390634554 5.25588360319238
TRINITY_DN151520_c0_g4_i1 96.69 76.28 46.4780267460751 5.53847691440256
TRINITY_DN1515_c0_g1_i8 84.21 66.43 40.4790012647325 5.33910178985554
TRINITY_DN15183_c0_g1_i2 88 69.42 42.3008207017748 5.40261374903388
TRINITY_DN1526_c1_g1_i1 446.21 351.99 214.489195515215 7.74476116631442
TRINITY_DN152_c0_g1_i25 90.04 71.03 43.281430636225 5.43567628207601
TRINITY_DN153171_c1_g1_i1 1647.83 1299.9 792.097288375063 9.62953382820622
TRINITY_DN153171_c2_g1_i1 145.82 115.03 70.0943826674182 6.13122692681827
TRINITY_DN1534_c4_g1_i1 92.92 73.3 44.6658211319195 5.48109937943066
TRINITY_DN1539_c0_g1_i4 748.72 590.64 359.903073589009 8.49146461277281
TRINITY_DN15406_c0_g3_i1 182.81 144.21 87.8751480964938 6.45738331045685
TRINITY_DN154208_c0_g1_i1 78.7 62.08 37.8303930594281 5.2414738610167
TRINITY_DN1546_c2_g1_i1 467.66 368.92 224.800020561273 7.81249835728928
TRINITY_DN15543_c0_g1_i6 646.43 509.94 310.73317643464 8.27953247346972
TRINITY_DN155_c3_g2_i5 86.13 67.94 41.4019282618621 5.37162605655019
TRINITY_DN15621_c0_g2_i1 169.03 133.34 81.2512241275113 6.34431764366211
TRINITY_DN1563_c0_g4_i1 81.49 64.29 39.1715213521321 5.29173325597035
TRINITY_DN15680_c2_g1_i1 112.39 88.66 54.0248777121872 5.7555519963688
TRINITY_DN15680_c2_g1_i6 463.46 365.6 222.781117755052 7.79948314922304
TRINITY_DN15686_c0_g1_i2 77.96 61.5 37.4746816126178 5.22784431587974
TRINITY_DN15698_c0_g1_i2 6382.1 5034.58 3067.81895228178 11.5829976291873
TRINITY_DN15720_c0_g1_i2 125.29 98.84 60.2257934741519 5.91230959096726
TRINITY_DN1575_c1_g1_i2 92.51 72.98 44.4687377627408 5.4747195495143
TRINITY_DN15800_c0_g1_i1 107.56 84.85 51.7031394850329 5.69217998049473
TRINITY_DN158209_c0_g1_i1 203.47 160.51 97.8062271385241 6.61185441666885
TRINITY_DN1585_c1_g1_i2 1624.48 1281.49 780.873150154763 9.60894439690493
TRINITY_DN1585_c1_g1_i5 955.05 753.4 459.084077400341 8.84261458511421
TRINITY_DN1585_c1_g1_i7 132.35 104.4 63.6194729531806 5.99139651500462
TRINITY_DN1589_c0_g1_i3 274.79 216.77 132.089119552735 7.04536782355252
TRINITY_DN1589_c0_g1_i4 436.78 344.55 209.956278024105 7.71394511745148
TRINITY_DN1589_c0_g1_i7 96.34 76 46.3097848455566 5.53324514920883
TRINITY_DN1589_c0_g1_i9 95.07 75 45.6993070922469 5.51410038572524
TRINITY_DN15936_c0_g1_i5 92.36 72.86 44.39663409109 5.47237839839597
TRINITY_DN1594_c0_g1_i5 322.99 254.79 155.258432709844 7.27852781891793
TRINITY_DN15976_c0_g1_i1 86.25 68.04 41.4596111991827 5.37363468206211
TRINITY_DN159802_c0_g1_i1 996.49 786.09 479.003918421722 8.90389364754091
TRINITY_DN1602_c0_g1_i2 325.53 256.8 156.479388216463 7.28982882471994
TRINITY_DN1602_c0_g2_i1 88.07 69.48 42.3344690818785 5.40376089117261
TRINITY_DN1602_c0_g2_i6 129.96 102.52 62.470621118212 5.96510596895134
TRINITY_DN16033_c0_g1_i1 997 786.49 479.249070905335 8.90463182479477
TRINITY_DN16033_c0_g1_i2 579.64 457.25 278.627814904281 8.12219547650581
TRINITY_DN16067_c0_g1_i2 382.58 301.8 183.902818000966 7.52279977656574
TRINITY_DN16135_c0_g1_i4 210.15 165.78 101.017243982704 6.65845777666119
TRINITY_DN1635_c0_g1_i4 1170.12 923.06 562.46632181319 9.13562290600187
TRINITY_DN1636_c0_g1_i1 124.44 98.16 59.8172060014643 5.90248862015624
TRINITY_DN163810_c0_g1_i1 95.62 75.43 45.963687221633 5.52242263096955
TRINITY_DN16469_c1_g1_i1 127.28 100.4 61.1823688513852 5.9350440609529
TRINITY_DN16494_c1_g1_i1 110.35 87.05 53.0442677777369 5.72912494978883
TRINITY_DN16531_c0_g2_i1 142.88 112.71 68.6811507030635 6.10184230574308
TRINITY_DN16544_c0_g1_i1 619.85 488.97 297.956405818126 8.21895745431874
TRINITY_DN1655_c1_g2_i3 105.98 83.61 50.9436474769783 5.67083035266519
TRINITY_DN165_c0_g1_i12 113.08 89.2 54.3565546017806 5.76438210845303
TRINITY_DN16760_c0_g1_i1 75.92 59.89 36.4940716781675 5.18959021764296
TRINITY_DN167678_c0_g2_i2 500.87 395.12 240.763773464749 7.91147452300814
TRINITY_DN16874_c0_g3_i2 126.23 99.58 60.6776431498299 5.92309314418214
TRINITY_DN168914_c0_g1_i1 109.45 86.34 52.6116457478324 5.71731027469016
TRINITY_DN1689_c0_g1_i1 108.32 85.45 52.0684647547301 5.70233796419685
TRINITY_DN16919_c0_g1_i7 92.03 72.6 44.2380060134584 5.4672144538025
TRINITY_DN1696_c0_g1_i1 209.73 165.45 100.815353702082 6.65557156098402
TRINITY_DN16986_c0_g1_i4 147.2 116.12 70.7577364466051 6.14481599156623
TRINITY_DN16_c21_g1_i1 153.65 121.21 73.8581943275875 6.20668608710218
TRINITY_DN17009_c0_g1_i2 270.26 213.19 129.911588668882 7.02138632086387
TRINITY_DN17009_c0_g1_i3 139.88 110.34 67.2390772700484 6.07122802131957
TRINITY_DN17017_c0_g1_i2 217.5 171.58 104.550323893591 6.70805372113267
TRINITY_DN17018_c0_g1_i2 133.92 105.64 64.3741580497918 6.0084097531722
TRINITY_DN1702_c0_g2_i7 279.28 220.31 134.247422790814 7.06875058217461
TRINITY_DN1705_c0_g2_i2 298.71 235.64 143.587251725309 7.16578385614247
TRINITY_DN17072_c0_g1_i1 2280.43 1798.94 1096.1825062835 10.0982723010172
TRINITY_DN1710_c0_g1_i4 158.23 124.82 76.0597597686571 6.24906147717542
TRINITY_DN1710_c0_g1_i5 472.07 372.4 226.919868507805 7.82603912290469
TRINITY_DN1710_c0_g1_i9 105.7 83.38 50.8090539565636 5.6670136968919
TRINITY_DN1710_c0_g3_i4 80.19 63.26 38.5466228644923 5.26853256358609
TRINITY_DN17142_c0_g2_i1 94.53 74.57 45.4397338743042 5.50588248036055
TRINITY_DN171472_c0_g1_i1 250.42 197.54 120.37467636521 6.91138810907349
TRINITY_DN1721_c1_g1_i2 91.24 71.98 43.858260009431 5.45477667193399
TRINITY_DN1733_c2_g1_i1 529.86 417.99 254.699009739118 7.99264954024965
TRINITY_DN1733_c6_g2_i1 115.33 90.98 55.4381096765419 5.79280616032112
TRINITY_DN173510_c0_g1_i1 416.58 328.63 200.24631690847 7.64563189744366
TRINITY_DN173510_c2_g1_i1 362.06 285.61 174.039035719143 7.44326711839035
TRINITY_DN17378_c2_g1_i1 159.13 125.53 76.4923817985616 6.25724416571586
TRINITY_DN1737_c1_g1_i3 156.38 123.36 75.1704811516312 6.23209433316277
TRINITY_DN173_c0_g4_i1 149.59 118 71.9065882815738 6.16805205533927
TRINITY_DN1742_c0_g1_i4 179.27 141.42 86.173501445536 6.42917240027693
TRINITY_DN1751_c0_g1_i7 76.97 60.72 36.9987973797228 5.20940647258821
TRINITY_DN1751_c0_g2_i1 471.46 371.91 226.626646909758 7.8241736939357
TRINITY_DN1758_c2_g1_i1 139.21 109.81 66.9170142033417 6.06430116952048
TRINITY_DN175_c0_g2_i1 263.89 208.17 126.849586079447 6.98697500155259
TRINITY_DN17693_c0_g1_i2 680.56 536.87 327.139165190907 8.3537606793827
TRINITY_DN17791_c0_g1_i4 92.98 73.35 44.6946626005798 5.48203065114082
TRINITY_DN17798_c0_g1_i2 226.07 178.34 108.669847000571 6.76380787606953
TRINITY_DN178266_c0_g1_i5 1555.74 1227.26 747.830440892945 9.54656738794519
TRINITY_DN1782_c0_g1_i2 220.43 173.89 105.958748946502 6.72735890481487
TRINITY_DN1782_c1_g3_i1 84.95 67.01 40.8347127115428 5.35172417269344
TRINITY_DN17854_c3_g1_i1 133.21 105.08 64.0328673373116 6.00074070895348
TRINITY_DN17935_c0_g1_i9 96.11 75.81 46.1992258823588 5.52979677282656
TRINITY_DN1802_c4_g1_i1 94.01 74.16 45.1897744792483 5.4979244521069
TRINITY_DN180486_c0_g1_i1 197.93 156.14 95.1431981988896 6.57202861659437
TRINITY_DN18077_c0_g1_i6 90.81 71.64 43.6515628173656 5.44796140117052
TRINITY_DN1808_c0_g2_i1 249.34 196.69 119.855529929324 6.90515266378108
TRINITY_DN18094_c0_g1_i1 193.91 152.97 93.2108197986495 6.54242552577383
TRINITY_DN1815_c0_g1_i2 2393.26 1887.95 1150.4188880992 10.1679435525681
TRINITY_DN1815_c0_g1_i3 983.39 775.76 472.70686443089 8.88480200477486
TRINITY_DN1815_c0_g1_i5 491.23 387.51 236.129910833328 7.88343699067091
TRINITY_DN1820_c0_g1_i1 91.75 72.37 44.1034124930436 5.46281838323979
TRINITY_DN1822_c1_g2_i4 99.93 78.83 48.0354660537313 5.58602808001736
TRINITY_DN1825_c1_g1_i2 242.89 191.61 116.755072048342 6.86734141431392
TRINITY_DN1834_c0_g2_i4 224.73 177.28 108.025720867157 6.75523104799238
TRINITY_DN18465_c0_g3_i1 342.34 270.05 164.559806352791 7.36246819104704
TRINITY_DN18469_c0_g1_i1 334.43 263.82 160.757539401074 7.3287425901676
TRINITY_DN1850_c0_g1_i2 77.93 61.48 37.4602608782876 5.22728904162532
TRINITY_DN18531_c0_g1_i2 777.55 613.38 373.761399280284 8.5459737702476
TRINITY_DN18535_c0_g1_i1 444.79 350.88 213.806614090255 7.74016267317745
TRINITY_DN18605_c0_g1_i11 84.21 66.43 40.4790012647325 5.33910178985554
TRINITY_DN18605_c0_g1_i3 76.2 60.11 36.6286651985823 5.19490122300254
TRINITY_DN18617_c0_g8_i1 101.82 80.32 48.9439723165308 5.61305929088567
TRINITY_DN1864_c0_g1_i2 83.06 65.52 39.9262064487434 5.31926409704665
TRINITY_DN18677_c0_g1_i4 392.58 309.69 188.709729444349 7.56002499670492
TRINITY_DN1870_c1_g2_i2 365.57 288.38 175.726261635771 7.45718600263766
TRINITY_DN187_c0_g3_i2 107.19 84.56 51.5252837616277 5.68720863992828
TRINITY_DN187_c0_g4_i3 75.99 59.95 36.5277200582712 5.19091980305551
TRINITY_DN18852_c1_g1_i3 250.8 197.84 120.557339000058 6.91357566831126
TRINITY_DN18852_c1_g1_i4 199.93 157.72 96.1045804875663 6.5865332885213
TRINITY_DN1886_c0_g1_i2 277.58 218.97 133.430247845439 7.05994194377814
TRINITY_DN1886_c0_g1_i3 534.71 421.81 257.030361789159 8.00579497804773
TRINITY_DN18873_c0_g1_i2 84.79 66.88 40.7578021284487 5.34900435090825
TRINITY_DN1887_c0_g2_i1 668.17 527.09 321.183401912555 8.32725352908956
TRINITY_DN188_c0_g1_i6 89.86 70.89 43.1949062302441 5.43278928714529
TRINITY_DN18934_c0_g1_i1 211.95 167.2 101.882488042513 6.67076228656431
TRINITY_DN18968_c0_g1_i1 201.2 158.72 96.715058240876 6.59566862531474
TRINITY_DN1898_c1_g6_i5 123.41 97.35 59.3220941227958 5.89049762199964
TRINITY_DN1904_c1_g1_i2 85.06 67.1 40.8875887374201 5.35359108024762
TRINITY_DN19089_c0_g1_i2 138.43 109.2 66.5420751107578 6.05619495217095
TRINITY_DN1909_c0_g1_i2 97.68 77.06 46.95391097897 5.55317342560926
TRINITY_DN1913_c0_g1_i1 80.15 63.23 38.5273952187188 5.26781274566377
TRINITY_DN19198_c0_g1_i2 418.86 330.42 201.342292717561 7.65350643746952
TRINITY_DN1919_c0_g1_i14 111.73 88.14 53.7076215569238 5.74705492801721
TRINITY_DN1925_c0_g1_i4 316.73 249.85 152.249306146286 7.25029184305186
TRINITY_DN1925_c0_g1_i6 91.97 72.55 44.209164544798 5.46627356569901
TRINITY_DN1925_c0_g1_i8 83.85 66.15 40.3059524527706 5.33292100907356
TRINITY_DN1925_c1_g1_i2 215.53 170.02 103.603362339245 6.69492701472428
TRINITY_DN1925_c1_g2_i2 173.88 137.17 83.5825761775523 6.38513032089994
TRINITY_DN1925_c1_g3_i1 193.15 152.37 92.8454945289523 6.53675999774115
TRINITY_DN192808_c0_g1_i3 76.85 60.62 36.9411144424022 5.20715548519999
TRINITY_DN1930_c4_g1_i1 87.87 69.32 42.2383308530108 5.40048091922238
TRINITY_DN1930_c4_g1_i7 241.29 190.34 115.9859662174 6.85780644604673
TRINITY_DN1931_c3_g2_i1 132.68 104.67 63.7781010308123 5.99498923740988
TRINITY_DN19321_c2_g1_i2 134.58 106.16 64.6914142050552 6.01550234642928
TRINITY_DN19331_c0_g1_i1 1050.94 829.04 505.177551230946 8.98064672073042
TRINITY_DN19379_c0_g2_i1 87.02 68.65 41.8297433803232 5.38645724216238
TRINITY_DN19414_c1_g1_i6 130.82 103.2 62.8840155023429 5.97462143971592
TRINITY_DN1943_c0_g1_i4 90.87 71.68 43.6804042860259 5.44891430413838
TRINITY_DN19443_c1_g1_i4 84.32 66.52 40.5318772906097 5.34098509225907
TRINITY_DN194450_c0_g1_i1 198.77 156.8 95.5469787601338 6.57813835012375
TRINITY_DN19740_c0_g1_i2 213.78 168.64 102.762152836652 6.68316520947631
TRINITY_DN19758_c0_g1_i5 320.58 252.89 154.099967051988 7.26772274316579
TRINITY_DN198179_c0_g2_i1 367.64 290.02 176.721292304551 7.46533206357235
TRINITY_DN198411_c0_g1_i1 311.66 245.86 149.81220204449 7.2270113243334
TRINITY_DN198411_c0_g1_i2 1598.83 1261.25 768.543422302484 9.58598296351083
TRINITY_DN1984_c0_g3_i1 184.49 145.53 88.6827092189822 6.47058093948463
TRINITY_DN19850_c0_g1_i1 228.02 179.88 109.607194732031 6.77619869120768
TRINITY_DN19850_c0_g1_i3 894.21 705.41 429.838828178796 8.74765199988069
TRINITY_DN1988_c0_g1_i3 123.22 97.2 59.2307628053715 5.88827476093654
TRINITY_DN1991_c1_g2_i1 88.06 69.47 42.3296621704351 5.40359706955875
TRINITY_DN19932_c0_g1_i1 223.44 176.26 107.405629290961 6.7469257989018
TRINITY_DN19975_c0_g2_i1 241.93 190.85 116.293608549777 6.8616279988221
TRINITY_DN19975_c0_g2_i7 86.5 68.23 41.5797839852673 5.3778103580333
TRINITY_DN1997_c0_g2_i5 114.36 90.21 54.9718392665337 5.78062084525295
TRINITY_DN1997_c1_g1_i15 1169.79 922.8 562.307693735558 9.13521597636214
TRINITY_DN1998_c0_g1_i5 145.66 114.9 70.0174720843241 6.12964307043206
TRINITY_DN1_c1_g1_i1 852.04 672.14 409.568082622048 8.67795948119405
TRINITY_DN1_c1_g1_i12 1140.29 899.53 548.127304977577 9.09836719414665
TRINITY_DN1_c1_g1_i13 123.95 97.78 59.5816673407385 5.89679659159594
TRINITY_DN1_c1_g1_i20 128.85 101.64 61.9370539479964 5.95273085736884
TRINITY_DN1_c1_g1_i6 398.15 314.09 191.387179118314 7.58035037779118
TRINITY_DN1_c4_g1_i2 189.69 149.64 91.1823031695416 6.51068194551701
TRINITY_DN2000_c2_g1_i5 611.02 482.01 293.711903013619 8.19825792350269
TRINITY_DN200769_c0_g1_i1 247.73 195.42 119.081617186939 6.89580690910469
TRINITY_DN20130_c1_g1_i1 413.26 326 198.650422309267 7.63408805021728
TRINITY_DN201475_c0_g1_i1 82.94 65.43 39.8685235114228 5.31717827252782
TRINITY_DN2016_c0_g1_i4 98.34 77.57 47.2711671342333 5.56288858044247
TRINITY_DN20225_c0_g1_i11 78.23 61.71 37.6044682215891 5.2328321902513
TRINITY_DN20240_c0_g2_i1 228.08 179.92 109.636036200691 6.77657826455981
TRINITY_DN2033_c1_g1_i1 2225.7 1755.76 1069.87427995387 10.0632255613415
TRINITY_DN2033_c1_g1_i2 877.55 692.27 421.830513714119 8.72051964809221
TRINITY_DN2033_c25_g1_i1 1543.66 1217.73 742.023691869337 9.53532144076734
TRINITY_DN20382_c1_g2_i1 126.34 99.66 60.7305191757071 5.92434979750226
TRINITY_DN2043_c0_g3_i1 142.99 112.8 68.7340267289407 6.10295257588216
TRINITY_DN20443_c0_g4_i2 260.53 205.52 125.23446383447 6.96848782841113
TRINITY_DN204970_c0_g1_i1 355.97 280.81 171.111626650122 7.41879398081534
TRINITY_DN20559_c1_g1_i1 87.39 68.94 42.0075991037284 5.39257842748336
TRINITY_DN2057_c0_g1_i4 204.52 161.34 98.3109528400794 6.6192802513088
TRINITY_DN2065_c15_g1_i1 130.57 103 62.7638427162584 5.97186177890106
TRINITY_DN206708_c0_g1_i2 1790.01 1412.07 860.44195527709 9.74893406227452
TRINITY_DN20706_c0_g1_i1 145.11 114.47 69.753091954938 6.12418526378887
TRINITY_DN20708_c0_g1_i2 655.86 517.38 315.26609392575 8.3004262099213
TRINITY_DN20714_c0_g1_i1 114.38 90.23 54.9814530894205 5.78087313082514
TRINITY_DN20715_c0_g4_i2 148.49 117.14 71.3778280228016 6.15740409674491
TRINITY_DN20717_c0_g1_i1 181.5 143.18 87.2454426974105 6.44700786839233
TRINITY_DN2075_c0_g1_i11 180.63 142.49 86.8272414018362 6.44007584342678
TRINITY_DN20794_c2_g1_i2 543.99 429.13 261.491175608619 8.03061845127374
TRINITY_DN2084_c1_g3_i1 105.44 83.18 50.6840742590356 5.66346059562991
TRINITY_DN2092_c0_g1_i1 264.87 208.95 127.320663400899 6.99232276900456
TRINITY_DN20_c0_g1_i2 150.34 118.6 72.2671066398275 6.17526722911941
TRINITY_DN20_c0_g1_i3 812.87 641.24 390.739410498315 8.61006296478192
TRINITY_DN20_c0_g1_i8 520.63 410.7 250.262230476875 7.96729676599752
TRINITY_DN21074_c0_g1_i3 87.05 68.67 41.8441641146534 5.38695452316032
TRINITY_DN21074_c0_g1_i6 791.59 624.45 380.510302946794 8.57179170739056
TRINITY_DN21074_c0_g1_i9 3915.1 3088.47 1881.95389919907 10.8780155725524
TRINITY_DN21081_c2_g4_i1 415.4 327.69 199.679101358151 7.64153953635386
TRINITY_DN21091_c0_g1_i2 102.28 80.68 49.1650902429264 5.6195623858635
TRINITY_DN21133_c0_g1_i10 132.78 104.74 63.8261701452461 5.99607617714402
TRINITY_DN2120_c0_g2_i3 152.92 120.63 73.5072897922205 6.1998154254565
TRINITY_DN2120_c0_g2_i5 116.65 92.02 56.0726219870685 5.80922462749342
TRINITY_DN21230_c1_g1_i1 447.23 352.8 214.97950048244 7.74805528697397
TRINITY_DN21241_c0_g1_i1 153.26 120.9 73.6707247812955 6.20301953098609
TRINITY_DN212531_c3_g1_i1 297.32 234.54 142.919091034678 7.15905483330025
TRINITY_DN21386_c0_g1_i2 139.47 110.03 67.0419939008697 6.06699315186198
TRINITY_DN213_c0_g1_i7 88.61 69.9 42.5940422998212 5.41257974727313
TRINITY_DN21428_c0_g1_i2 108.16 85.32 51.9915541716359 5.70020537690404
TRINITY_DN2144_c0_g2_i1 449.83 354.85 216.22929745772 7.75641820051325
TRINITY_DN2144_c5_g1_i2 82.31 64.93 39.5656880904896 5.30617794237063
TRINITY_DN2145_c0_g2_i5 188.87 148.99 90.7881364311842 6.50443188326129
TRINITY_DN2149_c0_g1_i3 125.91 99.32 60.5238219836416 5.91943118922892
TRINITY_DN21557_c0_g1_i1 431.67 340.52 207.499946276536 7.69696715270857
TRINITY_DN21557_c0_g1_i2 191.02 150.68 91.8216223915116 6.52076201806713
TRINITY_DN21557_c0_g1_i6 103.67 81.78 49.8332509335567 5.63903678796831
TRINITY_DN2156_c6_g1_i11 119.37 94.17 57.3801018996688 5.84247862503675
TRINITY_DN21635_c0_g1_i2 208.47 164.45 100.209682860216 6.64687810688558
TRINITY_DN21640_c0_g2_i1 272.96 215.32 131.209454758596 7.03572787194014
TRINITY_DN21693_c0_g1_i2 296.2 233.66 142.380716953019 7.15360996079806
TRINITY_DN21739_c0_g1_i2 91.41 72.11 43.9399775039686 5.4574622260295
TRINITY_DN2173_c0_g1_i6 78.17 61.66 37.5756267529288 5.23172526305565
TRINITY_DN22071_c0_g1_i6 369.74 291.68 177.730743707662 7.47354944884655
TRINITY_DN22161_c0_g1_i3 213.46 168.39 102.608331670464 6.68100407054075
TRINITY_DN221_c0_g2_i10 77.4 61.06 37.2054945717883 5.21744379165363
TRINITY_DN22201_c0_g2_i3 148.11 116.83 71.195165387953 6.15370737108411
TRINITY_DN2222_c0_g1_i1 338.56 267.08 162.742793827192 7.34644985273588
TRINITY_DN2222_c0_g2_i2 757.32 597.42 364.037017430319 8.50794134939594
TRINITY_DN2222_c0_g2_i7 129.26 101.97 62.1341373171751 5.95731421689979
TRINITY_DN222_c1_g2_i1 195.04 153.86 93.7540007917518 6.55080835124207
TRINITY_DN22371_c0_g1_i1 331.11 261.2 159.161644801871 7.31434890303714
TRINITY_DN2250_c0_g1_i8 76.17 60.09 36.6142444642521 5.19433312099052
TRINITY_DN22589_c0_g1_i2 190.75 150.48 91.6918357825403 6.51872137723111
TRINITY_DN2259_c1_g1_i6 103.34 81.52 49.6746228559251 5.63443710904671
TRINITY_DN22617_c1_g1_i7 208.07 164.14 100.01740640248 6.64410728922705
TRINITY_DN22707_c0_g1_i1 240.11 189.41 115.418750667081 6.85073380974539
TRINITY_DN2275_c0_g1_i3 86.31 68.09 41.488452667843 5.3746379470823
TRINITY_DN22829_c0_g2_i1 299.93 236.6 144.173694921401 7.17166415277011
TRINITY_DN2289_c0_g1_i6 127.3 100.42 61.191982674272 5.93527073941058
TRINITY_DN2289_c0_g1_i7 139.31 109.9 66.9650833177755 6.06533714187642
TRINITY_DN228_c0_g1_i1 121.72 96.02 58.509726088864 5.87060455913645
TRINITY_DN229478_c0_g1_i3 86.06 67.89 41.3682798817584 5.37045306557016
TRINITY_DN23020_c0_g2_i2 76.32 60.21 36.6863481359029 5.19717139662737
TRINITY_DN23030_c1_g1_i3 99.26 78.3 47.7134029870246 5.57632267991897
TRINITY_DN2313_c0_g1_i3 259.63 204.81 124.801841804566 6.96349541518247
TRINITY_DN2313_c0_g3_i2 224.35 176.98 107.843058232309 6.75278950418556
TRINITY_DN2314_c0_g1_i7 76.06 60 36.5613684383749 5.19224816425245
TRINITY_DN2323_c0_g1_i1 97.77 77.12 46.9971731819605 5.55450207808158
TRINITY_DN2336_c0_g5_i1 334.83 264.13 160.94981585881 7.33046711601726
TRINITY_DN23418_c0_g1_i2 96.18 75.87 46.2328742624625 5.53084715149756
TRINITY_DN23435_c0_g1_i7 379.84 299.64 182.585724265479 7.51243016026376
TRINITY_DN23457_c0_g1_i2 298.56 235.53 143.515148053658 7.16505921147361
TRINITY_DN23476_c0_g1_i4 100.03 78.91 48.0835351681651 5.58747106377528
TRINITY_DN23489_c1_g1_i1 371.21 292.83 178.437359689839 7.4792738958202
TRINITY_DN234_c2_g1_i1 1167.14 920.71 561.033862203062 9.13194403967849
TRINITY_DN23522_c0_g1_i1 276.41 218.05 132.867839206563 7.05384813086649
TRINITY_DN2363_c0_g1_i10 86.55 68.28 41.6038185424842 5.37864404487586
TRINITY_DN23702_c0_g1_i8 207.28 163.52 99.6376603984532 6.63861924080195
TRINITY_DN2378_c1_g1_i2 85.22 67.23 40.9644993205142 5.35630227680007
TRINITY_DN2378_c1_g2_i1 89.83 70.87 43.180485495914 5.43230755915121
TRINITY_DN2388_c0_g1_i2 158.06 124.68 75.9780422741196 6.24751063345246
TRINITY_DN2395_c5_g1_i1 5557.61 4384.17 2671.49391068626 11.3834310133958
TRINITY_DN2395_c5_g1_i2 1159.78 914.9 557.495975380732 9.1228175798853
TRINITY_DN2395_c5_g1_i4 128.53 101.4 61.7832327818081 5.94914345624239
TRINITY_DN2404_c0_g1_i4 168.46 132.89 80.9772301752384 6.33944439138668
TRINITY_DN2414_c0_g1_i2 110.1 86.85 52.9240949916523 5.72585278907359
TRINITY_DN24152_c0_g1_i2 126.4 99.71 60.7593606443674 5.92503478368632
TRINITY_DN24279_c0_g4_i5 78.29 61.76 37.6333096902494 5.23393826879325
TRINITY_DN2430_c0_g1_i7 286 225.61 137.477667280768 7.10305346717497
TRINITY_DN2438_c1_g1_i10 173.94 137.22 83.6114176462126 6.38562805940441
TRINITY_DN24476_c0_g1_i1 98.84 77.97 47.5115127064025 5.57020523595064
TRINITY_DN24476_c0_g1_i6 121.79 96.08 58.5433744689676 5.87143400068418
TRINITY_DN2453_c0_g1_i3 412.26 325.22 198.169731164928 7.63059280904432
TRINITY_DN2453_c0_g3_i1 132.22 104.3 63.5569831044166 5.98997873997034
TRINITY_DN2453_c2_g1_i12 1078.67 850.92 518.507116663448 9.01821998036502
TRINITY_DN2453_c2_g1_i13 187.26 147.72 90.0142236887994 6.49208108326222
TRINITY_DN2453_c2_g1_i9 105.04 82.86 50.4917978013003 5.65797714151474
TRINITY_DN2457_c0_g1_i9 188.64 148.81 90.6775774679863 6.50267394360162
TRINITY_DN2460_c0_g1_i5 2637.75 2080.81 1267.94306597848 10.308274250743
TRINITY_DN24677_c0_g1_i1 183.6 144.84 88.2548941005211 6.46360437892302
TRINITY_DN24685_c0_g1_i4 2341.22 1846.89 1125.40372094783 10.1362269231934
TRINITY_DN24782_c0_g1_i9 241.17 190.25 115.92828328008 6.85708877656749
TRINITY_DN2480_c0_g1_i3 888.19 700.66 426.945067489879 8.73790664847743
TRINITY_DN2484_c2_g3_i1 124.34 98.09 59.7691368870304 5.9013288041593
TRINITY_DN248_c1_g1_i1 96.23 75.91 46.2569088196794 5.53159695404076
TRINITY_DN249_c0_g1_i5 142.63 112.52 68.5609779169789 6.09931578231202
TRINITY_DN249_c5_g3_i1 121.65 95.96 58.4760777087603 5.86977464044765
TRINITY_DN2502_c9_g1_i1 292.58 230.81 140.640615010514 7.13586947417613
TRINITY_DN25333_c0_g1_i1 92.94 73.31 44.6754349548062 5.48140987013258
TRINITY_DN25375_c0_g1_i4 279.52 220.5 134.362788665456 7.06998983353861
TRINITY_DN253_c1_g2_i1 168.92 133.26 81.1983481016341 6.34337847242316
TRINITY_DN2545_c0_g2_i1 153.68 121.23 73.8726150619176 6.20696774428738
TRINITY_DN2546_c0_g2_i1 78.44 61.88 37.7054133619002 5.236699760814
TRINITY_DN2549_c0_g1_i1 125.11 98.69 60.139269068171 5.91023542841063
TRINITY_DN2549_c3_g2_i1 84.85 66.94 40.786643597109 5.35002488505188
TRINITY_DN2549_c6_g2_i5 89.27 70.42 42.9112984550845 5.42328565121415
TRINITY_DN2549_c6_g2_i6 96.53 76.15 46.4011161629809 5.53608760419344
TRINITY_DN2553_c0_g1_i3 220.9 174.26 106.184673784342 6.73043173886449
TRINITY_DN2553_c0_g1_i6 146.83 115.83 70.5798807231999 6.14118508691782
TRINITY_DN2553_c0_g1_i9 82.58 65.15 39.6954746994609 5.31090264379803
TRINITY_DN2553_c0_g2_i1 101.26 79.88 48.6747852757013 5.60510270953167
TRINITY_DN25542_c0_g1_i6 145.48 114.76 69.9309476783432 6.12785915107747
TRINITY_DN2555_c0_g2_i1 618.54 487.94 297.326700419043 8.21590521518808
TRINITY_DN2555_c0_g2_i2 172.19 135.84 82.7702081436205 6.37103968027351
TRINITY_DN2558_c0_g1_i5 173.53 136.89 83.4143342770339 6.38222341876618
TRINITY_DN2558_c1_g1_i1 107.66 84.93 51.7512085994668 5.69352065064129
TRINITY_DN2563_c0_g1_i10 121.19 95.61 58.2549597823646 5.86430897982695
TRINITY_DN2563_c0_g1_i6 83.11 65.56 39.9502410059603 5.32013230134612
TRINITY_DN2572_c6_g1_i1 209.6 165.34 100.752863853318 6.65467703704667
TRINITY_DN257882_c0_g1_i1 110.35 87.05 53.0442677777369 5.72912494978883
TRINITY_DN257925_c1_g1_i1 3220.27 2540.34 1547.95527137846 10.5961480696504
TRINITY_DN258245_c0_g1_i1 77.74 61.32 37.3689295608633 5.22376733296105
TRINITY_DN258252_c0_g1_i1 75.48 59.54 36.2825675746587 5.1812046482223
TRINITY_DN258567_c1_g1_i1 100.02 78.9 48.0787282567218 5.58732683032943
TRINITY_DN25939_c0_g2_i1 397.87 313.87 191.252585597899 7.57933544191493
TRINITY_DN25959_c0_g1_i1 319.2 251.81 153.436613272801 7.26149897173156
TRINITY_DN26061_c0_g2_i1 421.22 332.28 202.4767238182 7.66161225894661
TRINITY_DN26231_c0_g1_i2 166.36 131.24 79.9677787721279 6.32134691026821
TRINITY_DN26312_c0_g1_i2 259.11 204.4 124.55188240951 6.9606030156276
TRINITY_DN263_c1_g1_i1 119.43 94.22 57.4089433683291 5.84320359743436
TRINITY_DN263_c7_g1_i1 92.06 72.62 44.2524267477885 5.46768466784574
TRINITY_DN2649_c0_g1_i2 311.93 246.07 149.941988653462 7.22826063136328
TRINITY_DN2662_c2_g1_i4 375.58 296.28 180.537979990597 7.49615856029544
TRINITY_DN26661_c1_g2_i1 119.28 94.09 57.3368396966784 5.8413904829053
TRINITY_DN2667_c0_g1_i6 134.4 106.02 64.6048897990742 6.01357145828798
TRINITY_DN26747_c0_g1_i3 90.63 71.49 43.5650384113847 5.44509891007095
TRINITY_DN2674_c0_g1_i1 620.29 489.32 298.167909921635 8.21998118687252
TRINITY_DN2674_c0_g1_i14 238.12 187.85 114.462175289848 6.83872711964997
TRINITY_DN26824_c0_g1_i9 98.84 77.97 47.5115127064025 5.57020523595064
TRINITY_DN2685_c0_g1_i1 771.67 608.74 370.934935351575 8.53502233975358
TRINITY_DN26885_c0_g1_i4 181.77 143.39 87.3752293063819 6.44915243156995
TRINITY_DN2689_c0_g3_i1 252.56 199.23 121.403355414094 6.92366448593484
TRINITY_DN268_c1_g1_i2 314.45 248.06 151.153330337194 7.23986895576002
TRINITY_DN2693_c0_g1_i10 454.8 358.77 218.618332445082 7.77227057440146
TRINITY_DN2693_c0_g1_i11 113.11 89.23 54.3709753361108 5.76476480310337
TRINITY_DN2693_c0_g1_i2 211.79 167.07 101.805577459419 6.66967279198031
TRINITY_DN2693_c0_g1_i6 283.13 223.35 136.098083696517 7.08850294316333
TRINITY_DN2693_c0_g1_i7 96.86 76.41 46.5597442406126 5.54101122822348
TRINITY_DN27003_c0_g1_i4 193.71 152.81 93.1146815697818 6.54093675309036
TRINITY_DN2700_c0_g1_i2 247.9 195.56 119.163334681477 6.89679659159594
TRINITY_DN2706_c0_g1_i1 156.92 123.79 75.4300543695739 6.23706756069895
TRINITY_DN2707_c1_g1_i13 90.77 71.6 43.632335171592 5.44732578268204
TRINITY_DN2707_c1_g1_i7 96.95 76.48 46.603006443603 5.54235112361601
TRINITY_DN271_c0_g1_i2 358.15 282.53 172.15953334478 7.42760226222147
TRINITY_DN27212_c0_g1_i1 614.96 485.12 295.605826122312 8.20753089374774
TRINITY_DN2721_c0_g4_i1 169.34 133.58 81.4002383822562 6.34696111434689
TRINITY_DN272_c0_g1_i5 107.73 84.98 51.7848569795704 5.69445837900767
TRINITY_DN2731_c0_g1_i7 92.99 73.36 44.6994695120232 5.48218580466475
TRINITY_DN27320_c0_g3_i3 279.62 220.58 134.410857779889 7.07050587426411
TRINITY_DN273_c1_g2_i10 474.13 374.02 227.910092265142 7.83232100090051
TRINITY_DN273_c1_g2_i4 92.46 72.94 44.4447032055238 5.4739395878578
TRINITY_DN2746_c0_g3_i1 116.56 91.95 56.0293597840781 5.80811110268637
TRINITY_DN2746_c0_g4_i1 111.62 88.06 53.6547455310466 5.7456338716722
TRINITY_DN27527_c0_g2_i1 2899.37 2287.2 1393.70148316028 10.4447058681902
TRINITY_DN275_c0_g2_i1 160.73 126.8 77.261487629503 6.27167755106249
TRINITY_DN27779_c1_g1_i3 186.25 146.92 89.5287256330177 6.4842787457461
TRINITY_DN27798_c1_g1_i3 127.38 100.48 61.230437965819 5.93617709724839
TRINITY_DN277_c0_g5_i1 75.66 59.69 36.3690919806396 5.18464100167123
TRINITY_DN2780_c0_g1_i2 132.66 104.65 63.7684872079255 5.99477175115924
TRINITY_DN27861_c0_g1_i1 191.3 150.91 91.9562159119264 6.52287519385533
TRINITY_DN2795_c0_g2_i1 85.44 67.4 41.0702513722686 5.36002187230941
TRINITY_DN27973_c0_g1_i1 130.01 102.56 62.4946556754289 5.96566091569853
TRINITY_DN2797_c0_g1_i8 484.6 382.28 232.942928546364 7.86383272496056
TRINITY_DN27987_c1_g1_i3 181.33 143.04 87.163725202873 6.44565595055258
TRINITY_DN27_c0_g2_i10 131.79 103.96 63.3502859123511 5.98527922543577
TRINITY_DN27_c0_g2_i4 327.84 258.62 157.589784759885 7.3000302096331
TRINITY_DN27_c0_g2_i9 275.16 217.06 132.26697527614 7.0473090809238
TRINITY_DN28080_c0_g1_i1 384.12 303.02 184.643082363247 7.52859540288859
TRINITY_DN2812_c0_g1_i1 77.77 61.35 37.3833502951935 5.22432396406855
TRINITY_DN28199_c0_g3_i1 191.46 151.04 92.0331264950205 6.52408133462232
TRINITY_DN2820_c0_g1_i1 261.13 206 125.522878521073 6.97180653180507
TRINITY_DN282_c0_g1_i3 93.08 73.43 44.7427317150136 5.4835814360272
TRINITY_DN28429_c0_g1_i1 156.13 123.16 75.0503083655466 6.22978609446858
TRINITY_DN2846_c5_g1_i1 139.65 110.17 67.1285183068506 6.06885389378917
TRINITY_DN2846_c5_g1_i2 100.03 78.91 48.0835351681651 5.58747106377528
TRINITY_DN2866_c0_g1_i5 97.46 76.88 46.8481589272156 5.54992044781417
TRINITY_DN2868_c0_g1_i14 125.19 98.76 60.177724359718 5.91115764660641
TRINITY_DN287444_c0_g1_i1 1044.54 824 502.10112790718 8.97183415561752
TRINITY_DN2877_c0_g2_i1 207.6 163.77 99.7914815646415 6.6408447638671
TRINITY_DN288110_c0_g1_i1 210.68 166.2 101.272010289204 6.66209168477581
TRINITY_DN2888_c0_g1_i11 332.47 262.27 159.815384758171 7.32026248693893
TRINITY_DN2888_c0_g1_i8 545.76 430.53 262.341998934098 8.03530498023526
TRINITY_DN29131_c0_g1_i2 97.06 76.57 46.6558824694803 5.54398708538605
TRINITY_DN29158_c0_g1_i4 671.18 529.46 322.630282257014 8.33373804677933
TRINITY_DN29233_c0_g1_i1 742.8 585.96 357.057382014526 8.48001213544464
TRINITY_DN2938_c0_g1_i3 86.71 68.4 41.6807291255783 5.38130860994753
TRINITY_DN293_c0_g1_i3 673.64 531.41 323.812782472086 8.33901612675894
TRINITY_DN29427_c1_g3_i1 265.84 209.71 127.786933810907 6.99759651831389
TRINITY_DN2945_c0_g1_i1 122.61 96.72 58.9375412073251 5.88111496936367
TRINITY_DN2945_c0_g1_i3 156.97 123.83 75.4540889267908 6.23752717873492
TRINITY_DN2945_c0_g1_i5 368.54 290.73 177.153914334456 7.46885953289687
TRINITY_DN2945_c0_g1_i7 113.55 89.58 54.5824794396196 5.7703660262161
TRINITY_DN29552_c0_g1_i2 150.22 118.51 72.2094237025069 6.17411522343598
TRINITY_DN2959_c0_g1_i1 151.88 119.82 73.0073710021086 6.18997022424094
TRINITY_DN2959_c0_g1_i6 373.45 294.6 179.514107853157 7.48795341839125
TRINITY_DN2973_c0_g2_i1 203.52 160.55 97.830261695741 6.61220889590621
TRINITY_DN2979_c1_g2_i5 146.16 115.3 70.2578176564932 6.13458685924934
TRINITY_DN29876_c0_g1_i4 109.5 86.38 52.6356803050493 5.71796918999775
TRINITY_DN29940_c0_g1_i1 302.15 238.36 145.240829261832 7.18230326220889
TRINITY_DN2_c4_g1_i3 88.41 69.75 42.4979040709535 5.40931978646701
TRINITY_DN3005_c0_g1_i1 434.92 343.09 209.062192495635 7.70778837350623
TRINITY_DN3009_c0_g1_i4 108.5 85.59 52.154989160711 5.70473336284106
TRINITY_DN30123_c0_g1_i1 114.28 90.15 54.9333839749866 5.77961126155823
TRINITY_DN3021_c3_g1_i1 82.49 65.08 39.6522124964705 5.30932946191706
TRINITY_DN30237_c0_g6_i2 129.1 101.84 62.057226734081 5.95552732081641
TRINITY_DN3023_c2_g5_i1 160.93 126.95 77.3576258583707 6.27347161339764
TRINITY_DN30249_c0_g1_i8 147.75 116.56 71.0221165759912 6.15019645057411
TRINITY_DN302_c7_g1_i1 480.54 379.08 230.991322500351 7.85169484565478
TRINITY_DN30312_c0_g2_i1 311.62 245.82 149.792974398717 7.2268261497675
TRINITY_DN303_c2_g1_i3 328.1 258.83 157.714764457413 7.30117391402764
TRINITY_DN3040_c0_g2_i8 92.69 73.12 44.5552621687217 5.47752392520684
TRINITY_DN30476_c0_g1_i1 119.76 94.48 57.5675714459608 5.84718444668027
TRINITY_DN30536_c0_g1_i2 363.45 286.71 174.707196409773 7.44879522568172
TRINITY_DN30536_c0_g1_i3 110.79 87.4 53.2557718812458 5.73486598854862
TRINITY_DN30570_c0_g1_i3 170.36 134.39 81.8905433494813 6.35562495517219
TRINITY_DN3059_c0_g1_i17 77.19 60.89 37.1045494314772 5.21352418307681
TRINITY_DN30626_c0_g1_i4 75.55 59.59 36.3162159547623 5.18254198067405
TRINITY_DN30741_c0_g1_i1 302.49 238.62 145.404264250907 7.18392576937217
TRINITY_DN30861_c0_g1_i3 191.85 151.34 92.2205960413124 6.52701708511201
TRINITY_DN3091_c0_g1_i2 163.21 128.75 78.4536016674621 6.2937677752039
TRINITY_DN3091_c0_g2_i1 372.49 293.84 179.052644354592 7.48424001515802
TRINITY_DN3097_c0_g2_i3 269.17 212.33 129.387635321554 7.01555594533854
TRINITY_DN3098_c0_g3_i3 107.04 84.44 51.453180089977 5.68518834126332
TRINITY_DN3098_c0_g3_i5 380.18 299.91 182.749159254554 7.5137209587865
TRINITY_DN3099_c0_g1_i11 143.36 113.09 68.9118824523459 6.10668086267946
TRINITY_DN30_c10_g1_i2 476.53 375.92 229.063751011554 7.83960536219492
TRINITY_DN30_c10_g1_i5 79.02 62.34 37.9842142256164 5.24732807159952
TRINITY_DN31056_c1_g1_i1 111.42 87.9 53.558607302179 5.74304654127843
TRINITY_DN3111_c0_g1_i1 123.48 97.41 59.3557425028995 5.89131570823698
TRINITY_DN3112_c1_g1_i3 411.3 324.46 197.708267666363 7.6272293920096
TRINITY_DN3113_c5_g1_i2 1582.13 1248.08 760.515880192034 9.57083456268847
TRINITY_DN3116_c4_g1_i1 2549.01 2010.81 1225.2865338299 10.2589034482548
TRINITY_DN3133_c0_g1_i2 206.69 163.05 99.3540526232936 6.63450691067921
TRINITY_DN3141_c0_g1_i6 116.67 92.04 56.0822358099553 5.80947196077722
TRINITY_DN31451_c0_g1_i3 1552.88 1225.01 746.455664220137 9.54391276371894
TRINITY_DN31460_c2_g1_i1 197.54 155.83 94.9557286525977 6.56918313527672
TRINITY_DN316_c6_g1_i2 227.92 179.79 109.559125617597 6.77556584694571
TRINITY_DN31701_c0_g1_i9 77.26 60.95 37.1381978115809 5.21483190285379
TRINITY_DN317554_c0_g1_i1 135.75 107.09 65.253822843931 6.02799051820094
TRINITY_DN3178_c0_g1_i2 208.67 164.61 100.305821089083 6.64826152267063
TRINITY_DN3186_c1_g1_i1 144.66 114.11 69.5367809399857 6.11970437694554
TRINITY_DN31886_c0_g1_i1 169.79 133.94 81.6165493972084 6.35078981218801
TRINITY_DN31894_c0_g1_i1 113.56 89.58 54.587286351063 5.77049307434625
TRINITY_DN31894_c0_g1_i2 95.45 75.3 45.8819697270955 5.51985542291315
TRINITY_DN318_c0_g4_i4 99.87 78.79 48.006624585071 5.58516159648327
TRINITY_DN31957_c0_g1_i1 121.48 95.83 58.3943602142228 5.86775713378931
TRINITY_DN31_c0_g1_i2 12372.41 9760.09 5947.30792112325 12.5380210576651
TRINITY_DN320_c1_g2_i1 121.58 95.91 58.4424293286566 5.8689442440685
TRINITY_DN32140_c3_g1_i1 117.06 92.34 56.2697053562473 5.81428650395204
TRINITY_DN321_c0_g2_i2 105.52 83.24 50.7225295505827 5.6645547898734
TRINITY_DN322446_c0_g1_i1 77.68 61.28 37.340088092203 5.22265342604105
TRINITY_DN3241_c0_g3_i1 845.77 667.19 406.554149147046 8.66730370813459
TRINITY_DN32504_c0_g1_i3 102.27 80.68 49.1602833314831 5.61942132548296
TRINITY_DN3252_c0_g1_i4 88.18 69.56 42.3873451077557 5.4055617022376
TRINITY_DN32609_c0_g1_i3 125.11 98.7 60.139269068171 5.91023542841063
TRINITY_DN3270_c0_g1_i8 81.21 64.06 39.0369278317174 5.28676761355797
TRINITY_DN3271_c1_g2_i1 87.96 69.39 42.2815930560013 5.40195782947682
TRINITY_DN3276_c0_g1_i2 143.78 113.42 69.113772732968 6.11090132899765
TRINITY_DN3276_c0_g1_i6 82.36 64.97 39.5897226477065 5.30705405525411
TRINITY_DN3283_c0_g1_i1 85.74 67.64 41.2144587155701 5.36507864243883
TRINITY_DN3286_c0_g1_i1 114.26 90.14 54.9237701520999 5.7793587552058
TRINITY_DN3292_c0_g1_i2 76.7 60.51 36.8690107707514 5.20433680301215
TRINITY_DN33089_c0_g1_i6 100.28 79.11 48.2037079542497 5.59107222145579
TRINITY_DN330_c0_g1_i12 1294.23 1020.96 622.124899737023 9.28106043916923
TRINITY_DN330_c0_g1_i9 379.08 299.04 182.220398995782 7.50954066308988
TRINITY_DN33115_c1_g1_i1 151.67 119.65 72.9064258617975 6.18797407199637
TRINITY_DN3314_c0_g1_i1 103.69 81.8 49.8428647564435 5.63931508562366
TRINITY_DN33295_c1_g1_i1 146 115.18 70.1809070733991 6.1330066892766
TRINITY_DN3338_c0_g1_i2 128.91 101.69 61.9658954166567 5.95340250311695
TRINITY_DN3352_c2_g1_i2 95.75 75.53 46.026177070397 5.52438271232154
TRINITY_DN33642_c0_g1_i2 421.74 332.7 202.726683213256 7.6633921809273
TRINITY_DN3368_c0_g1_i5 117.24 92.48 56.3562297622282 5.8165031933114
TRINITY_DN3398_c0_g1_i3 154.66 122 74.3436923833692 6.21613843833169
TRINITY_DN33_c0_g1_i14 289.56 228.42 139.188927754613 7.12090064155876
TRINITY_DN33_c0_g1_i3 271.22 213.95 130.373052167447 7.02650188816229
TRINITY_DN34035_c0_g2_i1 98.72 77.87 47.4538297690819 5.56845261977127
TRINITY_DN3405_c0_g1_i2 81.4 64.21 39.1282591491417 5.29013901977546
TRINITY_DN3410_c0_g1_i1 117.47 92.67 56.466788725426 5.81933068226045
TRINITY_DN341_c1_g1_i6 100.15 79 48.1412181054858 5.58920074132192
TRINITY_DN3424_c0_g1_i11 78.83 62.19 37.8928829081921 5.24385499982062
TRINITY_DN3429_c0_g1_i1 112.24 88.54 53.9527740405364 5.75362523424175
TRINITY_DN34448_c0_g1_i1 233.83 184.46 112.400010280636 6.81249835728928
TRINITY_DN3452_c1_g1_i3 228.01 179.87 109.602387820587 6.77613541927201
TRINITY_DN3474_c2_g1_i2 101.02 79.69 48.5594194010601 5.60167926705306
TRINITY_DN3495_c1_g5_i1 102.26 80.67 49.1554764200397 5.6192802513088
TRINITY_DN35002_c0_g1_i1 1076.72 849.38 517.569768931988 9.01560954225657
TRINITY_DN35125_c0_g1_i3 80.88 63.8 38.8782997540857 5.28089322252487
TRINITY_DN3525_c0_g1_i11 93.98 74.13 45.1753537449181 5.49746399302297
TRINITY_DN3528_c0_g4_i1 79.47 62.69 38.2005252405687 5.25552056971263
TRINITY_DN354_c11_g1_i1 112.68 88.89 54.1642781440453 5.75926978899679
TRINITY_DN3563_c0_g1_i1 135.85 107.17 65.3018919583648 6.02905288573119
TRINITY_DN3580_c0_g2_i1 229.56 181.09 110.347459094312 6.78590959968912
TRINITY_DN3591_c0_g1_i16 151.65 119.63 72.8968120389108 6.18778381813339
TRINITY_DN35_c0_g2_i1 83.85 66.14 40.3059524527706 5.33292100907356
TRINITY_DN36147_c0_g1_i2 88.77 70.02 42.6709528829153 5.41518242253693
TRINITY_DN36186_c0_g1_i6 855.89 675.18 411.41874352775 8.68446371183045
TRINITY_DN3618_c0_g1_i3 268.35 211.69 128.993468583196 7.01115420828228
TRINITY_DN361_c0_g1_i12 296.23 233.69 142.395137687349 7.15375607376082
TRINITY_DN361_c0_g1_i7 452.82 357.22 217.666563979292 7.76597600021302
TRINITY_DN3625_c1_g1_i9 181.6 143.26 87.2935118118444 6.44780252280013
TRINITY_DN3626_c1_g3_i1 85.98 67.82 41.3298245902113 5.36911133560516
TRINITY_DN36334_c2_g1_i1 700.2 552.36 336.579939265713 8.39480538193772
TRINITY_DN36392_c0_g2_i2 124.01 97.83 59.6105088093988 5.89749478246659
TRINITY_DN36408_c1_g1_i1 150.2 118.49 72.1998098796202 6.17392313302349
TRINITY_DN36465_c0_g1_i2 88.91 70.14 42.7382496431227 5.41745591811914
TRINITY_DN36485_c0_g1_i1 320.07 252.49 153.854814568376 7.26542578031156
TRINITY_DN36516_c0_g1_i1 126.12 99.49 60.6247671239527 5.92183539530519
TRINITY_DN36516_c1_g1_i1 340.64 268.72 163.742631407416 7.35528617507415
TRINITY_DN36599_c0_g1_i2 2125.62 1676.82 1021.76671022848 9.99685012240934
TRINITY_DN36599_c0_g1_i4 1314.09 1036.63 631.671425863582 9.30303050206382
TRINITY_DN36599_c0_g1_i6 76.6 60.43 36.8209416563176 5.20245461743417
TRINITY_DN36641_c0_g1_i8 83.95 66.23 40.3540215672045 5.33464055044625
TRINITY_DN36876_c0_g1_i1 363.97 287.12 174.957155804829 7.4508578622577
TRINITY_DN369_c0_g1_i2 248.58 196.09 119.490204659627 6.90074854632222
TRINITY_DN3714_c0_g1_i2 111.6 88.04 53.6451317081599 5.7453753473384
TRINITY_DN3716_c7_g1_i1 77.27 60.96 37.1430047230243 5.21501862323726
TRINITY_DN371_c0_g1_i2 90.02 71.02 43.2718168133383 5.43535579000741
TRINITY_DN3731_c0_g2_i1 110.89 87.48 53.3038409956796 5.73616759008124
TRINITY_DN3735_c1_g1_i1 3842.07 3030.86 1846.84902492804 10.8508502192607
TRINITY_DN3743_c1_g2_i2 81 63.9 38.9359826914064 5.2830321332812
TRINITY_DN37516_c0_g1_i4 81.74 64.48 39.2916941382167 5.29615246864251
TRINITY_DN375_c0_g1_i1 407.92 321.8 196.0835315985 7.61532456325041
TRINITY_DN377_c1_g1_i2 119.25 94.07 57.3224189623482 5.84102758640209
TRINITY_DN3783_c1_g1_i1 75.92 59.89 36.4940716781675 5.18959021764296
TRINITY_DN3787_c6_g1_i3 75.52 59.57 36.3017952204322 5.1819689899837
TRINITY_DN38188_c0_g1_i1 126.61 99.88 60.8603057846785 5.92742967739138
TRINITY_DN38188_c0_g1_i3 341.9 269.71 164.348302249282 7.36061274294261
TRINITY_DN3833_c0_g1_i5 76.56 60.4 36.8017140105441 5.20170105510788
TRINITY_DN3835_c1_g3_i1 95.54 75.37 45.925231930086 5.52121510209312
TRINITY_DN38372_c0_g1_i8 532.06 419.72 255.756530256662 7.9986272666901
TRINITY_DN3837_c1_g1_i1 101.22 79.85 48.6555576299278 5.60453269963058
TRINITY_DN3846_c0_g2_i1 9696.53 7649.19 4661.03610181114 12.1864349719011
TRINITY_DN3846_c0_g4_i1 5697.03 4494.15 2738.51187002991 11.4191764183775
TRINITY_DN385_c1_g3_i1 95.29 75.17 45.8050591440014 5.51743504689676
TRINITY_DN3866_c0_g1_i11 113.54 89.57 54.5776725281763 5.77023896689673
TRINITY_DN3866_c0_g1_i3 262.96 207.44 126.402543315213 6.98188168170216
TRINITY_DN3866_c0_g1_i5 236.48 186.55 113.673841813133 6.82875649476801
TRINITY_DN3866_c0_g1_i6 218.2 172.13 104.886807694628 6.71268942183282
TRINITY_DN3866_c0_g1_i8 274.51 216.55 131.95452603232 7.04389702564086
TRINITY_DN3866_c0_g1_i9 109.83 86.64 52.794308382681 5.72231049964756
TRINITY_DN38696_c0_g1_i2 741.06 584.6 356.220979423378 8.47662867538544
TRINITY_DN388_c1_g1_i1 281.1 221.75 135.12228067351 7.07812177388956
TRINITY_DN388_c1_g1_i6 359.13 283.31 172.630610666232 7.43154449404115
TRINITY_DN388_c3_g1_i1 499.26 393.85 239.989860722365 7.90682964479784
TRINITY_DN3890_c0_g3_i1 146.66 115.69 70.4981632286624 6.13951376466234
TRINITY_DN38947_c0_g1_i5 541.68 427.31 260.380779065197 8.02447914453485
TRINITY_DN3899_c1_g1_i4 257.92 203.46 123.979859947747 6.95396196914982
TRINITY_DN3919_c1_g1_i1 232.32 183.27 111.674166652685 6.80315167861761
TRINITY_DN3929_c2_g1_i1 215.33 169.86 103.507224110377 6.69358765145592
TRINITY_DN3936_c0_g2_i10 827.74 652.97 397.887287814626 8.63621599657273
TRINITY_DN3936_c0_g2_i11 283.34 223.52 136.199028836828 7.0895726060668
TRINITY_DN3936_c0_g2_i6 245.56 193.71 118.038517403725 6.88311389512419
TRINITY_DN3947_c0_g1_i4 374.18 295.17 179.865012388524 7.49077076845623
TRINITY_DN3954_c0_g1_i2 402.34 317.39 193.401275013092 7.59545349570117
TRINITY_DN3969_c0_g1_i10 82.73 65.26 39.7675783711117 5.31352080743635
TRINITY_DN3976_c0_g3_i2 84.05 66.31 40.4020906816383 5.33635804474538
TRINITY_DN3993_c0_g3_i1 149.54 117.97 71.8825537243569 6.16756975832649
TRINITY_DN3995_c0_g2_i3 126.77 100.01 60.9372163677726 5.92925169362963
TRINITY_DN39_c7_g1_i3 131.66 103.86 63.2877960635872 5.98385542304034
TRINITY_DN40080_c0_g1_i2 314.14 247.81 151.004316082449 7.23844597576055
TRINITY_DN40080_c0_g1_i3 3374.03 2661.64 1621.86634173192 10.6634392163839
TRINITY_DN400_c0_g4_i2 139.61 110.13 67.1092906610771 6.06844060293455
TRINITY_DN4017_c0_g1_i2 131.73 103.91 63.3214444436908 5.98462226046955
TRINITY_DN4017_c0_g1_i4 94.6 74.62 45.4733822544079 5.50695040884861
TRINITY_DN40298_c0_g1_i1 133.29 105.15 64.0713226288587 6.00160686735301
TRINITY_DN4032_c0_g1_i15 111.85 88.23 53.7653044942444 5.74860357656834
TRINITY_DN4046_c1_g1_i1 122.72 96.81 58.9904172332023 5.88240870812479
TRINITY_DN4076_c6_g1_i5 1646.98 1299.24 791.688700902376 9.6287894509511
TRINITY_DN4076_c6_g2_i1 1798.09 1418.44 864.325939723344 9.75543164909463
TRINITY_DN4089_c0_g1_i1 1700.88 1341.76 817.597953582213 9.67524777504183
TRINITY_DN4089_c0_g1_i8 250.52 197.62 120.422745479643 6.91196410422663
TRINITY_DN4090_c0_g3_i6 88.71 69.98 42.642111414255 5.41420696946334
TRINITY_DN4118_c1_g1_i1 273.87 216.04 131.646883699944 7.04052956057876
TRINITY_DN4127_c1_g3_i1 78.18 61.67 37.5804336643722 5.23190980991115
TRINITY_DN412_c1_g1_i4 111.9 88.28 53.7893390514614 5.74924835648561
TRINITY_DN41379_c0_g1_i7 90.34 71.26 43.4256379795265 5.44047513905937
TRINITY_DN41379_c0_g3_i1 96.11 75.82 46.1992258823588 5.52979677282656
TRINITY_DN4149_c0_g1_i10 142.12 112.11 68.3158254333663 6.09414791395308
TRINITY_DN4149_c0_g1_i6 395.56 312.04 190.142189054478 7.5709348647736
TRINITY_DN4151_c2_g1_i5 126.85 100.07 60.9756716593197 5.93016183957316
TRINITY_DN4153_c16_g1_i1 347.52 274.15 167.049786480463 7.38413432842622
TRINITY_DN4153_c1_g1_i1 81.75 64.49 39.2965010496601 5.29632895589466
TRINITY_DN4155_c0_g1_i2 670.97 529.3 322.529337116703 8.33328658314105
TRINITY_DN4157_c0_g2_i13 81.06 63.95 38.9648241600667 5.2841004006687
TRINITY_DN41644_c0_g1_i2 75.31 59.41 36.2008500801211 5.17795167042721
TRINITY_DN4187_c0_g2_i1 86.81 68.48 41.7287982400122 5.38297146748627
TRINITY_DN4196_c0_g1_i5 99.78 78.71 47.9633623820806 5.58386089463028
TRINITY_DN42081_c0_g1_i2 245.19 193.42 117.86066168032 6.8809384605189
TRINITY_DN4224_c0_g1_i1 98.88 78.01 47.530740352176 5.57078896852623
TRINITY_DN42552_c0_g1_i4 75.72 59.73 36.3979334492999 5.18578463632556
TRINITY_DN4256_c0_g1_i1 179.09 141.28 86.0869770395551 6.42772310275935
TRINITY_DN4267_c0_g2_i1 130.43 102.89 62.696545956051 5.97031405993481
TRINITY_DN42778_c0_g1_i1 404.21 318.87 194.300167453004 7.60214333405112
TRINITY_DN42778_c0_g1_i2 139.39 109.96 67.0035386093226 6.06616538447736
TRINITY_DN4289_c0_g1_i18 124.48 98.2 59.8364336472378 5.90295228560805
TRINITY_DN4294_c0_g1_i1 132.51 104.53 63.6963835362748 5.99313955838316
TRINITY_DN4294_c0_g2_i1 265.28 209.27 127.517746770077 6.99455423211761
TRINITY_DN4296_c0_g1_i3 109.15 86.1 52.4674384045309 5.71335045050001
TRINITY_DN43014_c0_g2_i5 142.5 112.42 68.4984880682149 6.09800023944868
TRINITY_DN4305_c0_g1_i4 92.64 73.08 44.5312276115047 5.47674547861109
TRINITY_DN43184_c0_g1_i4 79.88 63.01 38.3976086097474 5.26294455806583
TRINITY_DN4325_c1_g2_i1 88.72 69.99 42.6469183256984 5.41436959078356
TRINITY_DN432_c2_g2_i10 201.27 158.78 96.7487066209797 6.5961704696951
TRINITY_DN4340_c7_g1_i2 211.01 166.46 101.430638366835 6.66434969165613
TRINITY_DN4381_c0_g1_i2 104.24 82.23 50.1072448858296 5.64694730918999
TRINITY_DN43961_c0_g2_i3 92.9 73.29 44.6562073090327 5.48078882189187
TRINITY_DN43978_c0_g1_i1 213.11 168.11 102.440089769946 6.67863661208083
TRINITY_DN43_c2_g1_i3 131.59 103.8 63.2541476834835 5.98308817779634
TRINITY_DN440_c1_g1_i3 399.45 315.11 192.012077605954 7.58505324944099
TRINITY_DN4414_c0_g1_i5 1680.65 1325.79 807.873571732248 9.65798572568951
TRINITY_DN4420_c2_g1_i1 297.59 234.76 143.04887764365 7.16036436814681
TRINITY_DN442_c0_g1_i2 97.28 76.74 46.7616345212347 5.54725345406544
TRINITY_DN442_c0_g1_i8 93.18 73.51 44.7908008294475 5.48513055573031
TRINITY_DN444_c2_g1_i2 102.66 80.99 49.347752877775 5.62491248583242
TRINITY_DN446_c1_g1_i1 309.08 243.82 148.572018892097 7.21501862323726
TRINITY_DN446_c1_g1_i2 356.33 281.1 171.284675462084 7.42025227158872
TRINITY_DN4472_c0_g1_i1 157.55 124.28 75.732889790507 6.24284807452676
TRINITY_DN44760_c0_g1_i1 110.02 86.79 52.8856397001053 5.72480412826718
TRINITY_DN4480_c1_g1_i1 78.84 62.19 37.8976898196355 5.24403800166534
TRINITY_DN4487_c0_g1_i9 102.08 80.53 49.0689520140588 5.61673855438672
TRINITY_DN4491_c1_g1_i2 88.92 70.15 42.7430565545661 5.41761817364884
TRINITY_DN4496_c1_g2_i2 627.08 494.68 301.431802791693 8.23568782737862
TRINITY_DN4496_c1_g2_i3 94.57 74.6 45.4589615200778 5.50649282200514
TRINITY_DN4498_c0_g1_i3 270.85 213.66 130.195196444042 7.02453241098027
TRINITY_DN4506_c1_g1_i1 409.55 323.08 196.867058163771 7.62107791452494
TRINITY_DN45136_c0_g1_i1 27812.48 21940.13 13369.2128380875 13.7066269034684
TRINITY_DN451_c1_g1_i1 104.98 82.82 50.46295633264 5.65715282283263
TRINITY_DN451_c2_g2_i1 829.89 654.66 398.920773774953 8.63995844341224
TRINITY_DN45263_c0_g2_i2 206.62 163 99.3204042431899 6.63401822831571
TRINITY_DN452_c0_g1_i1 168.86 133.21 81.1695066329738 6.34286593939359
TRINITY_DN45357_c0_g1_i1 3812.78 3007.74 1832.76958131037 10.8398097040388
TRINITY_DN4536_c0_g1_i2 200.53 158.19 96.3929951741693 6.59085640529829
TRINITY_DN45396_c0_g1_i8 364.9 287.85 175.404198569064 7.4545394710937
TRINITY_DN45650_c0_g1_i1 175.33 138.31 84.2795783368429 6.39711119104463
TRINITY_DN4578_c0_g1_i10 341.65 269.52 164.228129463197 7.35955744698385
TRINITY_DN45967_c0_g1_i3 1485.81 1172.1 714.215709169364 9.48021605611468
TRINITY_DN4597_c0_g1_i4 216.52 170.8 104.07924657214 6.7015386133365
TRINITY_DN4599_c0_g1_i2 124.19 97.97 59.6970332153797 5.89958733003215
TRINITY_DN4604_c0_g3_i4 135.45 106.85 65.1096155006295 6.02479871371123
TRINITY_DN4614_c1_g1_i4 107.08 84.47 51.4724077357505 5.68572736426263
TRINITY_DN4634_c2_g1_i1 162.11 127.88 77.9248414086899 6.28401140859262
TRINITY_DN4635_c5_g1_i1 95.5 75.33 45.9060042843124 5.52061095843233
TRINITY_DN463_c1_g1_i3 1363.41 1075.54 655.37911310235 9.35618588477345
TRINITY_DN4656_c1_g1_i2 139.99 110.43 67.2919532959256 6.07236209401525
TRINITY_DN4657_c0_g1_i1 223.13 176.02 107.256615036216 6.74492281825145
TRINITY_DN4658_c1_g4_i1 202.49 159.73 97.3351498170725 6.60488898220984
TRINITY_DN4665_c0_g2_i7 172.15 135.8 82.750980497847 6.37070450107913
TRINITY_DN467_c0_g1_i3 144.31 113.84 69.3685390394673 6.11620959540262
TRINITY_DN467_c0_g1_i7 936.69 738.92 450.258587990289 8.81460998335845
TRINITY_DN467_c1_g1_i2 358.91 283.13 172.524858614477 7.43066044045381
TRINITY_DN467_c1_g2_i2 289.92 228.7 139.361976566574 7.12269318066809
TRINITY_DN4688_c0_g1_i1 215.29 169.83 103.487996464603 6.69331962952567
TRINITY_DN4694_c0_g1_i19 75.6 59.63 36.3402505119793 5.18349645973029
TRINITY_DN46_c0_g1_i1 93.24 73.56 44.8196422981078 5.48605922975072
TRINITY_DN4720_c0_g1_i15 76.73 60.53 36.8834315050816 5.20490098018452
TRINITY_DN4724_c0_g2_i3 733.21 578.4 352.447553940322 8.46126478260669
TRINITY_DN47317_c0_g1_i1 492.01 388.13 236.504849925912 7.88572595850776
TRINITY_DN4757_c0_g1_i4 239.14 188.64 114.952480257073 6.84489378428646
TRINITY_DN47869_c0_g1_i1 94.15 74.27 45.2570712394557 5.50007132012345
TRINITY_DN4789_c0_g1_i2 88.1 69.5 42.3488898162086 5.40425224442963
TRINITY_DN4790_c0_g2_i1 158.81 125.28 76.3385606323734 6.25434007960544
TRINITY_DN4801_c0_g1_i1 283.2 223.4 136.131732076621 7.08885958559221
TRINITY_DN4808_c0_g1_i2 183.23 144.54 88.0770383771159 6.46069405345264
TRINITY_DN4815_c1_g1_i4 126.9 100.1 60.9997062165366 5.93073038935032
TRINITY_DN4819_c0_g3_i2 164.72 129.94 79.179445295413 6.30705405525411
TRINITY_DN4819_c1_g1_i5 104.03 82.07 50.0062997455186 5.64403795055687
TRINITY_DN4830_c0_g3_i2 82.85 65.36 39.8252613084323 5.31561192273067
TRINITY_DN4841_c0_g1_i4 123.2 97.19 59.2211489824847 5.88804057620412
TRINITY_DN4847_c0_g1_i10 156.02 123.07 74.9974323396694 6.22876929830605
TRINITY_DN4858_c0_g1_i5 169.42 133.65 81.4386936738033 6.34764251478033
TRINITY_DN487_c8_g1_i4 180.07 142.05 86.5580543610067 6.43559616573331
TRINITY_DN4884_c0_g1_i1 78.57 61.98 37.7679032106642 5.23908878569361
TRINITY_DN4884_c0_g1_i6 220.71 174.11 106.093342466917 6.72919031736279
TRINITY_DN4884_c0_g1_i8 109.23 86.17 52.505893696078 5.71440746678753
TRINITY_DN4894_c0_g4_i1 103.36 81.53 49.6842366788119 5.63471629531578
TRINITY_DN489_c0_g1_i1 703.74 555.15 338.28158591667 8.40208083711137
TRINITY_DN489_c0_g1_i3 718.12 566.5 345.193924572256 8.431263263021
TRINITY_DN489_c0_g2_i2 157.62 124.34 75.7665381706107 6.24348892647664
TRINITY_DN489_c7_g1_i1 227.35 179.34 109.285131665324 6.77195332425376
TRINITY_DN49235_c0_g1_i2 88.07 69.47 42.3344690818785 5.40376089117261
TRINITY_DN492_c20_g1_i2 97.01 76.53 46.6318479122633 5.54324369636518
TRINITY_DN49382_c0_g2_i1 119.97 94.64 57.6685165862718 5.84971200715314
TRINITY_DN49498_c1_g1_i2 225.76 178.1 108.520832745826 6.76182821321912
TRINITY_DN498_c0_g1_i8 98.63 77.8 47.4105675660915 5.5671367589891
TRINITY_DN49977_c0_g1_i1 82.06 64.73 39.445515304405 5.30178937951439
TRINITY_DN5000_c1_g1_i4 488.67 385.49 234.899341503821 7.87589885880596
TRINITY_DN5000_c1_g1_i6 694.79 548.09 333.979400174842 8.38361530989285
TRINITY_DN5002_c0_g1_i5 91.83 72.44 44.1418677845907 5.46407577087
TRINITY_DN5002_c0_g1_i8 135.86 107.18 65.3066988698082 6.02915907947022
TRINITY_DN5002_c0_g1_i9 89.63 70.71 43.0843472670463 5.42909192193251
TRINITY_DN500_c0_g1_i4 117.83 92.95 56.6398375373878 5.82374522216666
TRINITY_DN5011_c0_g2_i3 90.46 71.36 43.4833209168471 5.44239022125327
TRINITY_DN501_c0_g1_i1 99.45 78.45 47.8047343044489 5.57908159634296
TRINITY_DN501_c0_g1_i2 75.83 59.82 36.4508094751771 5.18787894820107
TRINITY_DN501_c0_g1_i6 86.14 67.95 41.4067351733055 5.37179354886371
TRINITY_DN501_c0_g1_i9 570.93 450.38 274.440995037094 8.10035219212796
TRINITY_DN50241_c0_g1_i1 75.85 59.84 36.4604232980638 5.18825940575625
TRINITY_DN50322_c0_g1_i1 105.92 83.55 50.914806008318 5.67001334742907
TRINITY_DN50322_c0_g2_i2 96.08 75.8 46.1848051480287 5.52934637632749
TRINITY_DN5034_c0_g1_i8 877.05 691.87 421.59016814195 8.71969741220942
TRINITY_DN5038_c0_g1_i3 81.69 64.44 39.2676595809998 5.29526970838681
TRINITY_DN5047_c0_g2_i1 122.41 96.57 58.8414029784574 5.8787597406292
TRINITY_DN5047_c0_g2_i3 215.89 170.3 103.776411151206 6.69733473961078
TRINITY_DN50603_c0_g1_i2 252.39 199.1 121.321637919556 6.9226930702849
TRINITY_DN506_c0_g1_i2 83.35 65.75 40.0656068806015 5.32429242449563
TRINITY_DN506_c27_g2_i1 483.24 381.21 232.289188590064 7.85977819828877
TRINITY_DN50762_c0_g1_i2 116.69 92.05 56.0918496328421 5.80971925166588
TRINITY_DN50762_c3_g1_i1 329.72 260.1 158.493484111241 7.30827972014805
TRINITY_DN5076_c0_g1_i1 125.39 98.92 60.2738625885857 5.91346061627237
TRINITY_DN5091_c0_g1_i5 96.95 76.48 46.603006443603 5.54235112361601
TRINITY_DN50951_c0_g1_i1 185.61 146.42 89.2210833006412 6.47931275995665
TRINITY_DN5098_c1_g1_i9 105.9 83.54 50.9051921854313 5.66974090950155
TRINITY_DN5106_c1_g2_i1 83.86 66.15 40.310759364214 5.33309305546824
TRINITY_DN5114_c0_g3_i1 734.34 579.29 352.990734933424 8.46348650686602
TRINITY_DN51200_c0_g1_i3 293.28 231.35 140.977098811551 7.13931701116174
TRINITY_DN5131_c0_g1_i3 75.74 59.75 36.4075472721866 5.18616564650627
TRINITY_DN5143_c0_g2_i3 82.3 64.93 39.5608811790462 5.30600265593084
TRINITY_DN51458_c1_g1_i2 131.25 103.54 63.0907126944084 5.97935574295006
TRINITY_DN5154_c0_g1_i2 200.55 158.21 96.4026089970561 6.59100028632373
TRINITY_DN5178_c0_g1_i1 444.52 350.66 213.676827481283 7.73928665092872
TRINITY_DN5188_c0_g1_i2 1757.24 1386.22 844.689706477122 9.72227765999854
TRINITY_DN51956_c0_g1_i3 117.59 92.76 56.5244716627466 5.82080369697964
TRINITY_DN5232_c0_g1_i6 220.38 173.85 105.934714389286 6.72703162207467
TRINITY_DN52803_c0_g1_i4 229.68 181.18 110.405142031632 6.78666355582904
TRINITY_DN5310_c1_g2_i3 105.43 83.17 50.6792673475922 5.66332376298022
TRINITY_DN5360_c0_g2_i1 176.84 139.5 85.0054219647938 6.40948295957592
TRINITY_DN5366_c0_g1_i1 87.13 68.73 41.8826194062004 5.38827976843976
TRINITY_DN5369_c0_g1_i3 588.8 464.48 283.03094578642 8.14481599156623
TRINITY_DN5386_c0_g1_i10 77.64 61.24 37.3208604464295 5.22191034333552
TRINITY_DN538_c1_g2_i2 79.43 62.66 38.1812975947951 5.25479422858168
TRINITY_DN5415_c0_g2_i1 134.72 106.28 64.7587109652625 6.01700236368825
TRINITY_DN5415_c0_g3_i3 841.48 663.81 404.491984137835 8.65996730266686
TRINITY_DN542_c0_g2_i5 111.84 88.23 53.7604975828011 5.74847458599729
TRINITY_DN54703_c0_g1_i2 249.9 197.14 120.124716970154 6.90838922159592
TRINITY_DN5487_c0_g1_i9 87.02 68.65 41.8297433803232 5.38645724216238
TRINITY_DN54_c0_g1_i1 99.27 78.31 47.718209898468 5.57646801765555
TRINITY_DN55039_c0_g1_i1 21922.32 17293.62 10537.8650873515 13.3632949941652
TRINITY_DN55039_c0_g1_i2 998.19 787.43 479.821093367098 8.90635277097257
TRINITY_DN5511_c0_g2_i2 96.83 76.39 46.5453235062824 5.54056431974526
TRINITY_DN5534_c0_g4_i2 430.04 339.24 206.716419711264 7.69150917793422
TRINITY_DN55377_c8_g1_i2 1705.71 1345.57 819.919691809367 9.67933879962468
TRINITY_DN5573_c0_g1_i3 121.61 95.94 58.4568500629867 5.86930018675895
TRINITY_DN5582_c0_g2_i1 169.6 133.79 81.5252180797842 6.34917449007242
TRINITY_DN5604_c0_g4_i1 142.97 112.78 68.7244129060539 6.10275077212734
TRINITY_DN560_c0_g1_i1 105.47 83.2 50.6984949933658 5.6638710157287
TRINITY_DN5616_c0_g1_i4 77.89 61.44 37.4410332325141 5.2265483433465
TRINITY_DN5616_c0_g1_i7 422.26 333.11 202.976642608312 7.66516990963865
TRINITY_DN5617_c0_g1_i2 100.77 79.49 48.4392466149755 5.59810452157751
TRINITY_DN5676_c0_g1_i1 109.14 86.09 52.4626314930875 5.7132182689945
TRINITY_DN56900_c0_g1_i1 117.84 92.96 56.6446444488312 5.8238676556577
TRINITY_DN56900_c0_g1_i3 84.65 66.78 40.6905053682413 5.34662029340486
TRINITY_DN5690_c0_g1_i2 1427.27 1125.92 686.076049579797 9.42222469368088
TRINITY_DN569_c2_g1_i1 313.76 247.51 150.821653447601 7.236699760814
TRINITY_DN5724_c0_g1_i1 209.6 165.35 100.752863853318 6.65467703704667
TRINITY_DN5735_c0_g1_i19 92.99 73.35 44.6994695120232 5.48218580466475
TRINITY_DN5752_c3_g1_i1 125.83 99.26 60.4853666920946 5.91851424629449
TRINITY_DN5774_c0_g2_i4 126.52 99.81 60.817043581688 5.92640378113925
TRINITY_DN578_c0_g1_i1 231.39 182.54 111.227123888451 6.79736483689782
TRINITY_DN5838_c0_g1_i1 1262.28 995.76 606.766817675412 9.24499838069241
TRINITY_DN5856_c0_g1_i1 3401.6 2683.39 1635.11899658133 10.6751799170403
TRINITY_DN5856_c0_g1_i4 880.24 694.38 423.123572892389 8.72493525256092
TRINITY_DN5856_c0_g1_i7 521.01 411 250.444893111724 7.96834938329305
TRINITY_DN5858_c0_g1_i2 259.25 204.51 124.619179169717 6.9613823092098
TRINITY_DN5883_c0_g1_i2 906.74 715.29 435.861888217355 8.76772724966384
TRINITY_DN58872_c0_g1_i1 238.8 188.38 114.789045267998 6.84284115677402
TRINITY_DN58872_c0_g1_i4 105.34 83.1 50.6360051446018 5.66209168477581
TRINITY_DN59094_c0_g1_i4 75.38 59.47 36.2344984602248 5.17929202028621
TRINITY_DN5913_c0_g1_i5 116.77 92.11 56.1303049243891 5.81070799155955
TRINITY_DN59343_c0_g1_i4 342.83 270.45 164.795345013517 7.36453168095627
TRINITY_DN5942_c2_g1_i2 178.29 140.64 85.7024241240844 6.42126410695365
TRINITY_DN5960_c0_g1_i3 398.88 314.66 191.738083653681 7.58299310811336
TRINITY_DN5964_c0_g1_i1 125.49 99 60.3219317030195 5.91461072398705
TRINITY_DN5964_c0_g1_i2 246.42 194.39 118.451911787856 6.88815767332207
TRINITY_DN59709_c0_g1_i4 8490.48 6697.8 4081.29854718187 11.9948125323287
TRINITY_DN59709_c0_g1_i5 347.52 274.15 167.049786480463 7.38413432842622
TRINITY_DN59796_c1_g1_i2 142.38 112.32 68.4408051308943 6.09678482653696
TRINITY_DN597_c0_g1_i8 251.64 198.51 120.961119561302 6.9183995874396
TRINITY_DN598_c0_g1_i1 78.59 61.99 37.7775170335509 5.2394559771033
TRINITY_DN598_c0_g1_i10 101.77 80.28 48.9199377593139 5.61235066321737
TRINITY_DN59932_c2_g1_i1 817 644.5 392.724664924432 8.61737439854226
TRINITY_DN5_c6_g1_i1 129.29 101.99 62.1485580515053 5.9576490136619
TRINITY_DN6014_c0_g1_i1 118.2 93.24 56.817693260793 5.82826835568675
TRINITY_DN60571_c0_g1_i1 166.69 131.49 80.1264068497596 6.32420587750614
TRINITY_DN605_c0_g1_i2 90.3 71.24 43.406410333753 5.43983621299008
TRINITY_DN606_c1_g1_i1 359.7 283.75 172.904604618504 7.4338324796446
TRINITY_DN60851_c0_g1_i1 98.91 78.03 47.5451610865062 5.5712266130134
TRINITY_DN6088_c0_g1_i1 130.31 102.8 62.6388630187304 5.96898612086041
TRINITY_DN6093_c0_g1_i1 113.1 89.22 54.3661684246674 5.76463724949904
TRINITY_DN6115_c0_g1_i1 377.37 297.69 181.398417138963 7.50301805691056
TRINITY_DN612_c1_g1_i19 119.4 94.19 57.394522633999 5.84284115677402
TRINITY_DN6132_c10_g1_i4 4567.44 3603.07 2195.52796029675 11.100352192128
TRINITY_DN6141_c0_g1_i1 561.66 443.07 269.984988129078 8.07673538166627
TRINITY_DN617_c1_g1_i12 102.81 81.1 49.4198565494258 5.62701891786219
TRINITY_DN617_c1_g1_i19 103.37 81.54 49.6890435902552 5.63485586819267
TRINITY_DN617_c1_g1_i22 89.79 70.83 43.1612578501405 5.43166500484111
TRINITY_DN617_c1_g1_i6 159.2 125.58 76.5260301786653 6.25787865605287
TRINITY_DN6180_c0_g1_i1 92.54 73 44.4831584970709 5.47518732418715
TRINITY_DN618_c7_g1_i1 413.08 325.87 198.563897903286 7.63345953142001
TRINITY_DN62016_c0_g1_i3 3074.42 2425.28 1477.84646797671 10.5292806817551
TRINITY_DN6208_c1_g1_i1 122.24 96.43 58.7596854839199 5.8767547686576
TRINITY_DN6215_c0_g1_i7 100.06 78.94 48.0979559024953 5.58790367761456
TRINITY_DN6250_c0_g5_i1 149.62 118.03 71.9210090159039 6.16834135617395
TRINITY_DN6255_c0_g2_i1 82.87 65.37 39.8348751313191 5.31596014745862
TRINITY_DN6264_c0_g1_i1 95.47 75.31 45.8915835499823 5.52015768460311
TRINITY_DN63104_c2_g1_i1 2187.7 1725.79 1051.60801646901 10.0383813295207
TRINITY_DN6329_c0_g1_i8 95.57 75.39 45.9396526644161 5.52166804387097
TRINITY_DN6354_c0_g2_i2 1370.64 1081.24 658.854510075916 9.36381611059936
TRINITY_DN6361_c0_g1_i2 104.39 82.35 50.1793485574804 5.64902183628026
TRINITY_DN6364_c0_g1_i1 396.22 312.56 190.459445209741 7.57334002516543
TRINITY_DN6371_c0_g1_i2 116.79 92.13 56.1399187472759 5.81095507069029
TRINITY_DN6392_c1_g1_i4 85.61 67.53 41.1519688668061 5.36288955120685
TRINITY_DN6393_c0_g1_i1 75.68 59.7 36.3787058035263 5.18502231396125
TRINITY_DN63980_c0_g2_i1 128.08 101.04 61.5669217668559 5.94408353313811
TRINITY_DN6429_c0_g2_i1 201.31 158.8 96.7679342667532 6.59645715955463
TRINITY_DN642_c0_g1_i1 310.89 245.25 149.44206986335 7.22344253227507
TRINITY_DN644_c0_g4_i2 474.23 374.1 227.958161379576 7.83262525140585
TRINITY_DN6465_c0_g3_i2 102.32 80.71 49.1843178887 5.62012648950349
TRINITY_DN6489_c0_g2_i1 151.61 119.6 72.8775843931373 6.18740323512231
TRINITY_DN648_c1_g2_i5 76.95 60.71 36.989183556836 5.20903155183743
TRINITY_DN64973_c0_g1_i3 130.88 103.24 62.9128569710032 5.9752829735636
TRINITY_DN6505_c0_g1_i2 1195.65 943.2 574.738366728148 9.16676154944204
TRINITY_DN6519_c0_g1_i2 84.19 66.42 40.4693874418457 5.33875910694635
TRINITY_DN6521_c0_g3_i2 533.56 420.9 256.47756697317 8.00268883458603
TRINITY_DN6524_c0_g3_i4 106.94 84.36 51.4051109755431 5.68383990202047
TRINITY_DN65317_c1_g1_i4 87.82 69.28 42.2142962957939 5.3996597597484
TRINITY_DN65571_c0_g1_i1 121.06 95.5 58.1924699336007 5.86276057633205
TRINITY_DN655_c0_g1_i7 121.75 96.04 58.5241468231941 5.87096009247892
TRINITY_DN65_c1_g4_i3 85.16 67.18 40.9356578518539 5.35528617507415
TRINITY_DN6619_c1_g1_i1 440.05 347.14 211.528138066091 7.72470577722531
TRINITY_DN6619_c1_g1_i12 411.94 324.96 198.01590999874 7.62947254106013
TRINITY_DN6619_c1_g1_i5 644.15 508.14 309.637200625548 8.2744350008368
TRINITY_DN6619_c1_g1_i8 82.25 64.88 39.5368466218293 5.30512590413182
TRINITY_DN6627_c0_g1_i3 927 731.27 445.60069080165 8.79960765902211
TRINITY_DN66736_c0_g1_i4 103.69 81.8 49.8428647564435 5.63931508562366
TRINITY_DN6684_c1_g1_i4 114.54 90.36 55.0583636725146 5.78288982874695
TRINITY_DN6693_c0_g1_i1 505.94 399.12 243.200877566545 7.92600462438936
TRINITY_DN66954_c0_g1_i5 84.58 66.72 40.6568569881376 5.34542678565066
TRINITY_DN66_c0_g1_i2 134.81 106.34 64.801973168253 6.01796583757617
TRINITY_DN6702_c0_g1_i6 122.63 96.74 58.9471550302119 5.88135028090242
TRINITY_DN6728_c0_g1_i1 149.19 117.69 71.7143118238384 6.16418915714577
TRINITY_DN6747_c0_g2_i3 212.42 167.57 102.108412880352 6.67395792690863
TRINITY_DN6748_c2_g1_i2 636.34 501.98 305.883002788266 8.25683613166798
TRINITY_DN6791_c0_g1_i5 118.08 93.15 56.7600103234724 5.82680294668225
TRINITY_DN6796_c0_g7_i3 127.98 100.96 61.518852652422 5.94295669168358
TRINITY_DN6818_c0_g1_i1 143.55 113.24 69.0032137697701 6.1085916507164
TRINITY_DN6825_c1_g2_i2 109.22 86.16 52.5010867846346 5.71427538209612
TRINITY_DN6838_c0_g1_i3 82.39 65 39.6041433820367 5.3075794677179
TRINITY_DN6844_c0_g2_i1 91.32 72.04 43.8967153009781 5.45604108484656
TRINITY_DN68493_c0_g1_i2 259.19 204.46 124.590337701057 6.96104837778924
TRINITY_DN6870_c0_g2_i1 139.77 110.26 67.1862012441712 6.07009305645147
TRINITY_DN6887_c0_g1_i1 205.57 162.17 98.8156785416346 6.6266680593666
TRINITY_DN6917_c0_g1_i3 128.53 101.39 61.7832327818081 5.94914345624239
TRINITY_DN691_c0_g1_i1 78.75 62.12 37.8544276166451 5.24239014878386
TRINITY_DN69322_c0_g1_i1 411.33 324.48 197.722688400693 7.62733461756968
TRINITY_DN69322_c0_g2_i1 1145.29 903.47 550.530760699269 9.10467936585948
TRINITY_DN6955_c0_g1_i3 87.65 69.14 42.1325788012564 5.39686431626876
TRINITY_DN69665_c0_g1_i4 83.69 66.02 40.2290418696765 5.33016547276323
TRINITY_DN6970_c0_g1_i1 78.67 62.06 37.815972325098 5.24092380888795
TRINITY_DN6_c3_g2_i1 452.32 356.81 217.426218407122 7.76438210845303
TRINITY_DN70028_c0_g1_i1 217.33 171.45 104.468606399054 6.70692565651226
TRINITY_DN7011_c0_g1_i5 138.34 109.13 66.4988129077673 6.05525668170625
TRINITY_DN7026_c0_g1_i1 515.03 406.29 247.57036006858 7.95169479050729
TRINITY_DN702_c0_g1_i5 391.64 308.95 188.257879768671 7.55656644173843
TRINITY_DN706_c0_g3_i1 149.04 117.57 71.6422081521877 6.16273789956349
TRINITY_DN707_c0_g3_i1 100.53 79.3 48.3238807403343 5.59466441254748
TRINITY_DN7089_c0_g1_i4 159.95 126.18 76.8865485369191 6.26465931262489
TRINITY_DN7089_c0_g2_i4 172.65 136.2 82.9913260700161 6.3748886543626
TRINITY_DN7189_c0_g1_i3 83.65 65.99 40.209814223903 5.32947576554757
TRINITY_DN72103_c0_g2_i3 103.34 81.52 49.6746228559251 5.63443710904671
TRINITY_DN7218_c0_g1_i1 83.17 65.61 39.9790824746206 5.32117345730246
TRINITY_DN7229_c0_g1_i4 174.83 137.91 84.0392327646737 6.39299108588865
TRINITY_DN7238_c0_g1_i6 980.12 773.18 471.135004388904 8.87999671511995
TRINITY_DN72510_c0_g1_i1 2038.63 1608.19 979.95138758249 9.93656637305035
TRINITY_DN72510_c0_g1_i2 197.57 155.86 94.9701493869278 6.56940221781733
TRINITY_DN729_c0_g6_i5 98.81 77.95 47.4970919720724 5.5697672814699
TRINITY_DN7301_c0_g1_i2 979.26 772.5 470.721610004773 8.87873027592506
TRINITY_DN7301_c0_g1_i3 341.98 269.78 164.386757540829 7.36095027468443
TRINITY_DN73251_c0_g1_i2 101.71 80.23 48.8910962906536 5.6114998503123
TRINITY_DN73424_c0_g1_i1 409.21 322.81 196.703623174696 7.6198797213008
TRINITY_DN73424_c0_g1_i2 1460.08 1151.8 701.847526025538 9.4550138337813
TRINITY_DN73437_c1_g1_i1 106.82 84.26 51.3474280382225 5.68222010951399
TRINITY_DN7343_c0_g1_i11 95.7 75.49 46.0021425131801 5.52362914999524
TRINITY_DN7363_c0_g1_i5 101.1 79.75 48.5978746926072 5.60282131741223
TRINITY_DN7401_c0_g1_i1 236.72 186.74 113.789207687774 6.83021992181578
TRINITY_DN74042_c0_g1_i1 1380.41 1088.95 663.550862556102 9.37406324518941
TRINITY_DN7420_c0_g1_i13 207.88 163.99 99.9260750850562 6.64278928428976
TRINITY_DN7420_c0_g1_i4 169.92 134.04 81.6790392459724 6.35189399142601
TRINITY_DN7420_c0_g3_i1 206.56 162.95 99.2915627745296 6.63359922592905
TRINITY_DN7421_c0_g1_i10 236.56 186.61 113.71229710468 6.82924446874218
TRINITY_DN7421_c0_g1_i11 982.17 774.79 472.120421234797 8.88301107681956
TRINITY_DN7421_c0_g1_i5 214.71 169.38 103.209195600887 6.68942770565975
TRINITY_DN743_c1_g1_i6 77.7 61.3 37.3497019150898 5.22302482391693
TRINITY_DN7474_c0_g1_i4 207.17 163.43 99.584784372576 6.63785342365525
TRINITY_DN7474_c0_g1_i5 211.14 166.56 101.493128215599 6.66523824009268
TRINITY_DN7474_c0_g1_i8 114.16 90.05 54.875701037666 5.77809556009762
TRINITY_DN7502_c0_g1_i4 143.85 113.47 69.1474211130716 6.1116035412485
TRINITY_DN7528_c0_g3_i3 157.47 124.22 75.69443449896 6.24211532355379
TRINITY_DN7529_c0_g3_i1 113.57 89.59 54.5920932625064 5.77062011128913
TRINITY_DN75505_c0_g1_i2 247.23 195.03 118.84127161477 6.89289213714002
TRINITY_DN7572_c0_g2_i1 127.12 100.28 61.1054582682911 5.93322934997037
TRINITY_DN7596_c0_g2_i2 557.28 439.61 267.879560916876 8.06544069820858
TRINITY_DN75_c2_g1_i10 84.95 67.01 40.8347127115428 5.35172417269344
TRINITY_DN760_c0_g1_i4 193.35 152.53 92.94163275782 6.53825308459202
TRINITY_DN760_c1_g2_i3 478.94 377.81 230.222216669409 7.84688325144736
TRINITY_DN7610_c0_g1_i7 1530.99 1207.73 735.93333507057 9.52343127464521
TRINITY_DN761_c0_g2_i1 337.59 266.31 162.276523417184 7.34231048972564
TRINITY_DN7688_c0_g1_i6 306.26 241.6 147.216469865063 7.20179527192691
TRINITY_DN7688_c0_g1_i7 81.6 64.37 39.2243973780094 5.29367937748071
TRINITY_DN7688_c0_g1_i8 170.44 134.45 81.9289986410284 6.35630227680007
TRINITY_DN7704_c0_g2_i2 163.19 128.73 78.4439878445753 6.29359097434083
TRINITY_DN7713_c0_g2_i1 122.11 96.32 58.6971956351559 5.87521967250036
TRINITY_DN7713_c0_g3_i1 121.64 95.96 58.4712707973169 5.86965604165265
TRINITY_DN77442_c0_g1_i1 3660.08 2887.29 1759.36804356991 10.7808415975412
TRINITY_DN7746_c0_g1_i2 126.69 99.94 60.8987610762256 5.92834097314431
TRINITY_DN77784_c0_g1_i3 131.26 103.54 63.0955196058518 5.97946565838503
TRINITY_DN778_c1_g3_i1 78.04 61.56 37.5131369041648 5.22932400323088
TRINITY_DN7807_c0_g2_i1 327.6 258.43 157.474418885243 7.29897367715023
TRINITY_DN7817_c0_g1_i4 169.05 133.35 81.2608379503981 6.34448833640259
TRINITY_DN782_c0_g2_i5 317.23 250.25 152.489651718455 7.25256753132876
TRINITY_DN78517_c0_g1_i4 2107.12 1662.22 1012.87392405822 9.9842388927047
TRINITY_DN78517_c0_g1_i5 1295.59 1022.04 622.778639693323 9.28257565291842
TRINITY_DN7861_c2_g1_i1 85.09 67.13 40.9020094717502 5.35409981785179
TRINITY_DN7879_c0_g1_i3 76.71 60.52 36.8738176821948 5.20452488658466
TRINITY_DN788_c0_g1_i10 229.53 181.07 110.333038359981 6.78572104907252
TRINITY_DN788_c0_g1_i2 100.63 79.38 48.3719498547682 5.59609878832769
TRINITY_DN788_c2_g1_i3 164.65 129.89 79.1457969153093 6.30644083210457
TRINITY_DN788_c2_g1_i6 121.76 96.05 58.5289537346375 5.8710785841254
TRINITY_DN79033_c0_g1_i1 846.67 667.9 406.986771176951 8.66883809122551
TRINITY_DN7981_c0_g1_i14 312.29 246.36 150.115037465423 7.22992469298354
TRINITY_DN7981_c0_g1_i15 964.43 760.8 463.592960334235 8.85671484894051
TRINITY_DN7981_c0_g1_i9 1222.54 964.41 587.664151599406 9.19884808420964
TRINITY_DN7_c1_g1_i6 171.58 135.35 82.4769865455741 6.36591971693411
TRINITY_DN8022_c0_g1_i11 143.98 113.58 69.2099109618356 6.11290674361149
TRINITY_DN8022_c0_g1_i7 156.92 123.78 75.4300543695739 6.23706756069895
TRINITY_DN8024_c1_g1_i1 104.58 82.5 50.2706798749046 5.6516452954687
TRINITY_DN8035_c0_g1_i4 134.72 106.28 64.7587109652625 6.01700236368825
TRINITY_DN8038_c0_g1_i1 226.12 178.38 108.693881557788 6.76412692227727
TRINITY_DN8038_c2_g1_i2 812.14 640.67 390.388505962948 8.60876676666536
TRINITY_DN8038_c2_g1_i5 4406.51 3476.11 2118.17033443838 11.0486028941852
TRINITY_DN8051_c0_g1_i4 1050.22 828.47 504.831453607022 8.97965799024812
TRINITY_DN810_c2_g1_i6 739.27 583.18 355.360542275012 8.47313968930556
TRINITY_DN8130_c0_g2_i1 89.92 70.93 43.2237476989044 5.43375226084278
TRINITY_DN81784_c0_g1_i4 109.54 86.41 52.6549079508229 5.71849610565039
TRINITY_DN817_c1_g1_i3 101.29 79.91 48.6892060100315 5.60553006921118
TRINITY_DN8231_c0_g1_i4 326.66 257.69 157.022569209565 7.29482812562162
TRINITY_DN8254_c0_g1_i20 1042.39 822.3 501.067641946853 8.96886156388202
TRINITY_DN8257_c0_g1_i2 300.43 236.99 144.41404049357 7.17406720323058
TRINITY_DN82609_c3_g1_i1 309.92 244.48 148.975799453341 7.21893417922511
TRINITY_DN827_c1_g5_i1 242.94 191.65 116.779106605559 6.86763836901947
TRINITY_DN829_c0_g1_i1 206.27 162.72 99.1521623426715 6.63157233044821
TRINITY_DN8315_c0_g2_i5 101.19 79.82 48.6411368955976 5.60410504436114
TRINITY_DN8334_c0_g1_i2 89.24 70.39 42.8968777207544 5.422800738866
TRINITY_DN834_c0_g1_i1 173.63 136.97 83.4624033914677 6.38305456007324
TRINITY_DN834_c0_g1_i5 467.11 368.49 224.535640431887 7.81080065119248
TRINITY_DN834_c0_g1_i7 23823.53 18793.41 11451.759897879 13.4832817072024
TRINITY_DN834_c270_g1_i1 20952.55 16528.61 10071.7052363065 13.2980203456835
TRINITY_DN8374_c3_g1_i1 93.33 73.62 44.8629045010982 5.48745112087739
TRINITY_DN83883_c0_g1_i1 1539.51 1214.46 740.028823620333 9.53143765360317
TRINITY_DN8427_c0_g1_i1 1719.56 1356.49 826.577264158453 9.69100587125036
TRINITY_DN8427_c0_g1_i2 897.1 707.68 431.228025585934 8.75230713191886
TRINITY_DN84611_c1_g1_i1 964.46 760.82 463.607381068565 8.85675972537331
TRINITY_DN848_c0_g2_i2 78.41 61.85 37.69099262757 5.23614788511423
TRINITY_DN84960_c0_g1_i3 114.73 90.51 55.1496949899389 5.78528100177892
TRINITY_DN84_c0_g2_i1 108.93 85.93 52.3616863527765 5.71043965614322
TRINITY_DN8503_c0_g1_i5 160.55 126.65 77.1749632235221 6.27006098523499
TRINITY_DN8535_c0_g1_i1 319.46 252.01 153.561592970329 7.26267362093882
TRINITY_DN8535_c0_g1_i6 614.52 484.77 295.394322018803 8.20649828509191
TRINITY_DN8546_c1_g1_i1 103.57 81.7 49.7851818191229 5.63764449386209
TRINITY_DN854_c0_g1_i1 198.72 156.76 95.5229442029169 6.57777539884234
TRINITY_DN8572_c0_g1_i8 164.71 129.94 79.1746383839696 6.30696646790376
TRINITY_DN8572_c0_g3_i1 201.07 158.61 96.652568392112 6.59473616521658
TRINITY_DN863_c0_g2_i2 217.33 171.44 104.468606399054 6.70692565651226
TRINITY_DN8646_c1_g1_i2 544.32 429.39 261.649803686251 8.03149336628524
TRINITY_DN869_c0_g1_i2 594.61 469.06 285.823761335026 8.15898204649976
TRINITY_DN86_c2_g1_i4 92.79 73.2 44.6033312831555 5.47907955943228
TRINITY_DN8744_c0_g1_i1 201.99 159.34 97.0948042449033 6.6013221908339
TRINITY_DN875_c9_g1_i1 194.22 153.21 93.3598340533943 6.54473009155218
TRINITY_DN876_c0_g1_i4 122.72 96.81 58.9904172332023 5.88240870812479
TRINITY_DN87774_c0_g1_i1 595.78 469.98 286.386169973902 8.16181801410934
TRINITY_DN878_c2_g2_i2 88.37 69.71 42.47867642518 5.40866690941508
TRINITY_DN8799_c1_g1_i4 864.02 681.59 415.326762531221 8.69810302789207
TRINITY_DN8824_c0_g1_i6 83.01 65.48 39.9021718915264 5.31839536995297
TRINITY_DN88337_c1_g1_i1 107.44 84.75 51.6454565477123 5.6905695300493
TRINITY_DN8854_c1_g1_i6 99.54 78.53 47.8479965074394 5.58038661229887
TRINITY_DN8878_c0_g1_i12 144.24 113.79 69.3348906593636 6.1155096220542
TRINITY_DN88815_c1_g1_i1 101.99 80.46 49.0256898110683 5.61546602474397
TRINITY_DN8902_c0_g1_i1 3343.52 2637.57 1607.20045491816 10.6503341622009
TRINITY_DN8938_c0_g1_i2 78.62 62.02 37.7919377678811 5.24000658904595
TRINITY_DN8938_c0_g2_i1 81.53 64.31 39.1907489979057 5.29244124030103
TRINITY_DN8946_c0_g1_i1 253.78 200.19 121.989798610186 6.9306166973182
TRINITY_DN894_c17_g1_i3 77.57 61.2 37.2872120663258 5.22060902692924
TRINITY_DN894_c1_g3_i5 80.44 63.45 38.6667956505769 5.27302330692721
TRINITY_DN89533_c0_g1_i1 76.45 60.31 36.7488379846669 5.19962672687002
TRINITY_DN9008_c0_g2_i2 109.66 86.5 52.7125908881435 5.72007569891865
TRINITY_DN9019_c0_g1_i7 89.22 70.38 42.8872638978676 5.42247737339543
TRINITY_DN9073_c0_g1_i2 182.9 144.28 87.9184102994842 6.45809339525793
TRINITY_DN91016_c0_g1_i2 84.27 66.48 40.5078427333927 5.34012935046941
TRINITY_DN9171_c0_g2_i2 138.16 108.99 66.4122885017864 6.05337830815078
TRINITY_DN9171_c0_g2_i6 80.35 63.38 38.6235334475864 5.27140824918431
TRINITY_DN9173_c0_g1_i1 460.38 363.18 221.30058903049 7.78986348090567
TRINITY_DN917_c0_g1_i9 126.88 100.09 60.9900923936498 5.93050299632583
TRINITY_DN9189_c0_g2_i2 1708 1347.37 821.020474529902 9.68127439001707
TRINITY_DN92010_c0_g1_i4 1256.77 991.41 604.118209470108 9.23868706305055
TRINITY_DN9204_c0_g1_i2 156.23 123.24 75.0983774799804 6.23070983316123
TRINITY_DN9225_c2_g1_i1 871.05 687.14 418.70602127592 8.70979385493306
TRINITY_DN9225_c4_g1_i1 198.12 156.29 95.2345295163139 6.57341284625627
TRINITY_DN9225_c5_g1_i1 99.16 78.23 47.6653338725908 5.57486849670858
TRINITY_DN92704_c0_g2_i1 84.62 66.75 40.6760846339112 5.3461089109782
TRINITY_DN9296_c0_g1_i1 185.9 146.65 89.3604837324993 6.4815650904287
TRINITY_DN931_c0_g1_i10 203.14 160.25 97.6475990608924 6.6095126667462
TRINITY_DN9320_c0_g1_i2 893.25 704.65 429.377364680231 8.74610232898185
TRINITY_DN93255_c1_g1_i1 191.18 150.82 91.8985329746058 6.52196992607355
TRINITY_DN9327_c0_g1_i1 242.96 191.66 116.788720428446 6.86775713378931
TRINITY_DN9328_c0_g1_i1 151.3 119.35 72.7285701383924 6.18445030772595
TRINITY_DN9412_c0_g2_i3 123.11 97.11 59.1778867794943 5.88698627423133
TRINITY_DN942_c0_g1_i4 85.41 67.37 41.0558306379385 5.35951521908528
TRINITY_DN9432_c2_g1_i2 551.72 435.23 265.206918154354 8.05097459967771
TRINITY_DN948_c1_g2_i1 80.77 63.71 38.8254237282085 5.27892976469631
TRINITY_DN9495_c0_g5_i2 95.52 75.35 45.9156181071992 5.52091306188666
TRINITY_DN95341_c0_g1_i6 1342.29 1058.88 645.226916133924 9.33366281264982
TRINITY_DN9560_c0_g1_i1 136.21 107.45 65.4749407703267 6.03287094437893
TRINITY_DN956_c0_g1_i7 2127.67 1678.43 1022.75212707438 9.99824082234414
TRINITY_DN959_c1_g1_i1 497.54 392.49 239.163071954103 7.90185083674588
TRINITY_DN95_c1_g1_i10 1074.13 847.34 516.324778868152 9.01213502570547
TRINITY_DN95_c1_g1_i2 167.67 132.27 80.5974841712111 6.3326629010058
TRINITY_DN95_c1_g1_i8 132.4 104.44 63.6435075103975 5.99194144231643
TRINITY_DN9646_c1_g1_i1 535.93 422.78 257.616804985252 8.00908289688449
TRINITY_DN965_c0_g3_i7 116.18 91.65 55.8466971492295 5.80340005514243
TRINITY_DN9685_c0_g1_i1 94.06 74.2 45.2138090364652 5.49869155747984
TRINITY_DN969_c0_g2_i4 292.94 231.09 140.813663822476 7.13764352213406
TRINITY_DN97075_c1_g1_i1 81.9 64.61 39.3686047213109 5.29897367715023
TRINITY_DN970_c1_g1_i3 152.88 120.6 73.4880621464469 6.19943800359931
TRINITY_DN970_c1_g1_i6 165.31 130.41 79.4630530705726 6.31221231953861
TRINITY_DN972_c0_g1_i1 78.07 61.58 37.527557638495 5.22987849495799
TRINITY_DN972_c0_g2_i2 99.67 78.63 47.9104863562033 5.58226955373694
TRINITY_DN9735_c0_g4_i1 116.01 91.51 55.764979654692 5.80128749042582
TRINITY_DN9748_c0_g2_i1 101.61 80.15 48.8430271762197 5.61008071283717
TRINITY_DN9754_c0_g1_i4 879.69 693.95 422.859192763003 8.72403353226714
TRINITY_DN975_c0_g1_i4 145.25 114.58 69.8203887151453 6.12557648380111
TRINITY_DN9776_c0_g1_i3 124.65 98.33 59.9181511417753 5.90492120300072
TRINITY_DN978_c0_g1_i5 351.2 277.05 168.818729891629 7.39933116504458
TRINITY_DN98081_c0_g3_i1 174.71 137.82 83.9815498273531 6.39200050734709
TRINITY_DN982_c0_g4_i3 113.01 89.15 54.3229062216769 5.7634887592904
TRINITY_DN983_c2_g1_i2 248.7 196.19 119.547887596948 6.90144482772612
TRINITY_DN983_c3_g2_i1 120.6 95.14 57.971352007205 5.8572682274093
TRINITY_DN9855_c0_g1_i2 161.94 127.75 77.8431239141524 6.28249770280986
TRINITY_DN9862_c1_g4_i1 300.81 237.29 144.596703128419 7.17589084832583
TRINITY_DN9862_c1_g5_i2 398.2 314.12 191.411213675531 7.58053154122972
TRINITY_DN990_c2_g1_i3 1394.5 1100.07 670.323800779829 9.38871434942489
TRINITY_DN9925_c0_g1_i2 295.51 233.11 142.049040063426 7.15024527191524
TRINITY_DN995_c0_g1_i1 2423.12 1911.5 1164.77232566914 10.1858322681014
TRINITY_DN995_c0_g1_i2 1091.63 861.14 524.736873894073 9.03545036324113
TRINITY_DN995_c0_g1_i3 971.99 766.76 467.226985385433 8.86797979138444
TRINITY_DN9979_c1_g1_i1 90.46 71.36 43.4833209168471 5.44239022125327
TRINITY_DN9983_c1_g3_i2 90.02 71.01 43.2718168133383 5.43535579000741
TRINITY_DN9993_c0_g3_i5 194.54 153.46 93.5136552195826 6.54710514308706
TRINITY_DN9994_c0_g2_i3 291.22 229.73 139.986875054214 7.12914775850325
TRINITY_DN9_c0_g3_i7 127.94 100.93 61.4996250066485 5.9425057085474
