transcript_id TPM FPKM fold.change log2.FC
TRINITY_DN10016_c0_g1_i2 345.34 216.07 193.074665451425 7.59301506133689
TRINITY_DN10016_c0_g1_i4 182.45 114.15 102.005191149628 6.67249876408182
TRINITY_DN10016_c0_g1_i5 1756.08 1098.71 981.799265958007 9.93928427784848
TRINITY_DN1001_c3_g1_i1 71.77 44.9 40.1255827284669 5.32645043898186
TRINITY_DN10023_c0_g1_i2 124.66 77.99 69.6956269044264 6.12299623102087
TRINITY_DN10025_c0_g1_i1 125.86 78.75 70.3665297785265 6.13681746118203
TRINITY_DN10040_c0_g2_i4 128.63 80.48 71.9151972462407 6.16822477062856
TRINITY_DN10051_c0_g1_i1 106.52 66.65 59.5538117909474 5.8961219468206
TRINITY_DN10053_c0_g2_i2 60.14 37.63 33.6234157069806 5.07139438618398
TRINITY_DN100567_c1_g1_i1 378.61 236.88 211.675447635849 7.72571012974749
TRINITY_DN100597_c0_g1_i2 502.01 314.09 280.66662652247 8.13271371599427
TRINITY_DN100597_c0_g1_i6 76.89 48.1 42.9881016579604 5.42586549762271
TRINITY_DN1010_c0_g1_i2 64.23 40.18 35.9100763362049 5.16631681471665
TRINITY_DN1010_c0_g1_i5 68.65 42.95 38.3812352558068 5.26232923864444
TRINITY_DN1010_c2_g1_i1 109.14 68.28 61.0186163993991 5.93117756198262
TRINITY_DN101200_c0_g1_i1 68.32 42.74 38.1967369654293 5.25537749323047
TRINITY_DN101200_c0_g1_i5 99.48 62.24 55.6178482628938 5.79747602582689
TRINITY_DN10131_c0_g2_i1 119 74.45 66.5312016815879 6.05595918669265
TRINITY_DN10132_c0_g1_i1 68.39 42.79 38.2358729664184 5.25685490763597
TRINITY_DN1016_c0_g1_i7 64.53 40.37 36.07780205473 5.1730395437542
TRINITY_DN1017_c1_g1_i4 77.94 48.76 43.575141672798 5.44543344977902
TRINITY_DN1017_c1_g1_i6 83.72 52.38 46.8066571830465 5.54864182986569
TRINITY_DN1017_c2_g1_i3 98.03 61.34 54.8071739566896 5.77629284125459
TRINITY_DN10192_c0_g1_i5 315.19 197.21 176.218230739661 7.46121937644589
TRINITY_DN102414_c1_g2_i1 63.95 40.01 35.7535323322483 5.16001387737898
TRINITY_DN10261_c0_g1_i1 109.66 68.61 61.3093409781758 5.93803499190678
TRINITY_DN10262_c0_g1_i3 136.12 85.17 76.1027493520818 6.24987666957499
TRINITY_DN102_c2_g1_i2 62.02 38.8 34.674496876404 5.1158030442226
TRINITY_DN103226_c0_g1_i1 72.29 45.23 40.4163073072436 5.33686560876498
TRINITY_DN10325_c0_g1_i7 143.65 89.88 80.3126648870596 6.32755560602987
TRINITY_DN1033_c0_g1_i2 106.95 66.91 59.7942186541666 5.90193409566239
TRINITY_DN1035_c19_g1_i1 76.49 47.85 42.7644673665937 5.41834066616325
TRINITY_DN1039_c6_g1_i24 137.73 86.17 77.0028773748327 6.2668404510435
TRINITY_DN1039_c6_g1_i3 94.66 59.22 52.9230550519253 5.72582444034834
TRINITY_DN10406_c1_g1_i4 130.44 81.61 72.927142414675 6.18838395935845
TRINITY_DN1041_c0_g1_i3 81.33 50.89 45.4704422921306 5.50685713216885
TRINITY_DN1041_c0_g1_i9 760.19 475.62 425.011379885095 8.73135766039917
TRINITY_DN10457_c0_g1_i2 632.33 395.62 353.526678649735 8.46567528091507
TRINITY_DN10481_c0_g1_i5 147.09 92.03 82.2359197928131 6.36169678061682
TRINITY_DN10491_c0_g2_i2 65.34 40.88 36.5306614947475 5.19103597304804
TRINITY_DN104_c1_g3_i1 76.16 47.65 42.5799690762162 5.41210299691792
TRINITY_DN105349_c0_g1_i1 572.46 358.16 320.054216089427 8.32217250319395
TRINITY_DN10535_c0_g1_i2 68.03 42.56 38.0346021041884 5.24924060738191
TRINITY_DN10550_c0_g1_i6 93.16 58.29 52.0844264593002 5.70278015782085
TRINITY_DN10593_c0_g1_i3 138.36 86.57 77.3551013837353 6.27342453198291
TRINITY_DN10617_c0_g1_i7 68.57 42.9 38.3365083975334 5.26064704047585
TRINITY_DN106246_c0_g1_i1 64.96 40.64 36.3182089179491 5.18262115079516
TRINITY_DN1062_c0_g2_i2 113.44 70.97 63.422685031591 5.9869270508495
TRINITY_DN1064_c0_g1_i1 72.21 45.18 40.3715804489702 5.33526816080563
TRINITY_DN1070_c0_g1_i2 1930.76 1208 1079.46036099784 10.0760945516058
TRINITY_DN1070_c0_g1_i3 83.86 52.47 46.8849291850249 5.55105234845637
TRINITY_DN1070_c1_g1_i15 355.94 222.69 199.000974172642 7.63663168300897
TRINITY_DN107148_c0_g1_i1 403.25 252.3 225.451319984036 7.81667214654035
TRINITY_DN107148_c0_g1_i12 68.79 43.04 38.4595072577851 5.26526837391193
TRINITY_DN107154_c0_g1_i1 729.43 456.38 407.813902878997 8.67176714922115
TRINITY_DN1087_c0_g3_i3 77.66 48.59 43.4185976688413 5.44024122551846
TRINITY_DN10910_c0_g1_i1 567.64 355.15 317.359422878458 8.30997386881641
TRINITY_DN10914_c0_g1_i3 201.71 126.2 112.773182278934 6.81728022211173
TRINITY_DN1099_c0_g1_i7 471.1 294.75 263.38528665711 8.04103094516526
TRINITY_DN1099_c2_g1_i6 182.51 114.19 102.038736293333 6.67297312676942
TRINITY_DN10_c2_g2_i1 525.64 328.88 293.877822284957 8.19907267878517
TRINITY_DN10_c2_g2_i2 767.47 480.18 429.081523987968 8.74510797055153
TRINITY_DN10_c2_g3_i3 378.67 236.92 211.708992779554 7.72593874189262
TRINITY_DN11004_c0_g1_i9 343.77 215.08 192.196900857811 7.58644126286289
TRINITY_DN11011_c2_g1_i1 59.69 37.35 33.3718271291931 5.06055877205978
TRINITY_DN11017_c0_g1_i5 79.73 49.89 44.5759051266639 5.4781921873757
TRINITY_DN1103_c0_g1_i2 70.04 43.82 39.158364418306 5.29124860204354
TRINITY_DN11061_c0_g1_i2 120.21 75.21 67.2076954129721 6.07055452876194
TRINITY_DN1106_c0_g1_i12 169.8 106.24 94.9327566851565 6.56883407205038
TRINITY_DN1106_c0_g1_i13 69.15 43.27 38.6607781200151 5.27279876964784
TRINITY_DN1106_c0_g1_i3 85.15 53.28 47.6061497746824 5.57307604817589
TRINITY_DN1106_c0_g1_i7 943.27 590.17 527.368795043625 9.04266839774681
TRINITY_DN1106_c0_g1_i8 364.07 227.78 203.54634114467 7.66921347826379
TRINITY_DN1106_c0_g1_i9 62.4 39.04 34.8869494532024 5.12461554735959
TRINITY_DN11075_c0_g1_i1 73.13 45.76 40.8859393191136 5.35353288029788
TRINITY_DN11110_c0_g4_i1 313.68 196.26 175.374011289752 7.45429116012657
TRINITY_DN11147_c0_g2_i1 81.35 50.9 45.4816240066989 5.50721186416987
TRINITY_DN1122_c1_g1_i6 62.27 38.96 34.8142683085082 5.12160679748725
TRINITY_DN11281_c0_g1_i1 117.63 73.6 65.765254233657 6.03925366084773
TRINITY_DN11322_c0_g1_i2 138.08 86.39 77.1985573797786 6.27050198278894
TRINITY_DN1137_c0_g1_i1 150.27 94.02 84.0138124091782 6.39255463058904
TRINITY_DN11407_c0_g1_i14 280.19 175.31 156.650230245077 7.29140307996365
TRINITY_DN11428_c0_g1_i2 614.48 384.45 343.546998397497 8.42436366790647
TRINITY_DN11438_c0_g1_i1 83.32 52.13 46.5830228916798 5.54173235765063
TRINITY_DN1145_c2_g1_i4 158.94 99.44 88.861085674551 6.47347986270076
TRINITY_DN11464_c0_g1_i6 85.63 53.58 47.8745109243224 5.58118584373887
TRINITY_DN11464_c0_g1_i7 214.67 134.31 120.018933319214 6.90711820270115
TRINITY_DN11481_c0_g1_i1 767.08 479.93 428.863480553886 8.74437465970723
TRINITY_DN1149_c3_g1_i1 339.09 212.16 189.58037964882 7.5666658520697
TRINITY_DN11590_c0_g1_i3 84.62 52.95 47.3098343386216 5.56406820396633
TRINITY_DN11590_c0_g1_i4 104.61 65.45 58.4859580496715 5.87001838310784
TRINITY_DN115_c0_g1_i6 65.78 41.16 36.7766592152508 5.20071852644538
TRINITY_DN1160_c0_g1_i5 648.51 405.75 362.572685735517 8.50212643411162
TRINITY_DN1160_c1_g1_i1 97.5 61 54.5108585206287 5.76847173713432
TRINITY_DN1160_c1_g2_i1 295.42 184.83 165.165105888863 7.36776511334503
TRINITY_DN11674_c1_g1_i3 125.33 78.42 70.0702143424656 6.13072940428198
TRINITY_DN1167_c0_g1_i1 729.99 456.73 408.12699088691 8.67287431407096
TRINITY_DN1167_c0_g1_i10 310.83 194.47 173.780616963764 7.4411233664627
TRINITY_DN1167_c0_g1_i11 3892.77 2435.56 2176.3921510087 11.0877228152129
TRINITY_DN1167_c0_g1_i12 431.95 270.26 241.497080389596 7.91586193729162
TRINITY_DN1167_c0_g1_i16 4212.94 2635.87 2355.39462867587 11.2017530774673
TRINITY_DN1167_c0_g1_i17 2952.07 1846.99 1650.4602062871 10.6886526392878
TRINITY_DN1167_c0_g1_i18 1556.49 973.84 870.211345423317 9.7652220159835
TRINITY_DN1167_c0_g1_i23 92.55 57.9 51.743384164966 5.69330250836792
TRINITY_DN1167_c0_g1_i4 120.38 75.32 67.3027399868029 6.07259333501131
TRINITY_DN1167_c0_g1_i7 353.02 220.87 197.368443845665 7.62474753343622
TRINITY_DN1167_c0_g1_i8 316.82 198.22 177.12954047698 7.46866102493448
TRINITY_DN11690_c0_g2_i1 101.64 63.59 56.8254734362739 5.82846589366334
TRINITY_DN116_c3_g2_i10 59.86 37.45 33.4668717030239 5.06466179710808
TRINITY_DN1170_c0_g1_i3 298.05 186.48 166.635501354599 7.38055198646817
TRINITY_DN11741_c0_g1_i1 127.2 79.58 71.1157046546048 6.1520962837817
TRINITY_DN11768_c0_g1_i2 343.68 215.03 192.146583142253 7.58606351159539
TRINITY_DN11790_c0_g1_i2 64.84 40.57 36.2511186305391 5.17995360912752
TRINITY_DN11806_c0_g1_i2 91.61 57.31 51.2178435802543 5.67857460745639
TRINITY_DN11820_c0_g6_i1 749.97 469.23 419.297523740676 8.71183049981213
TRINITY_DN11832_c0_g1_i8 187.36 117.22 104.750302076154 6.7108105941112
TRINITY_DN118356_c1_g1_i1 918.63 574.75 513.592922695437 9.00448151205086
TRINITY_DN118356_c2_g1_i2 1093.72 684.3 611.483242883918 9.25616915338508
TRINITY_DN11849_c0_g1_i1 1114.46 697.27 623.078680891281 9.28327054462001
TRINITY_DN1184_c0_g1_i1 80.42 50.31 44.9616742792714 5.49062385441034
TRINITY_DN1190_c0_g2_i1 234.17 146.51 130.92110502334 7.03255387420988
TRINITY_DN1190_c1_g1_i2 95.96 60.04 53.649866498867 5.74550267590342
TRINITY_DN11946_c0_g1_i3 65.42 40.93 36.5753883530208 5.19280127769276
TRINITY_DN11959_c0_g2_i2 85.26 53.34 47.6676492048082 5.57493857357392
TRINITY_DN1197_c0_g1_i2 83.9 52.49 46.9072926141615 5.55174032893717
TRINITY_DN1201_c1_g1_i10 79.22 49.56 44.2907714051713 5.4689342195146
TRINITY_DN1201_c1_g1_i17 72.63 45.44 40.6063964549053 5.34363509833007
TRINITY_DN1201_c1_g1_i18 200.41 125.39 112.046370831992 6.80795211066694
TRINITY_DN12056_c0_g1_i1 341.34 213.56 190.838322537758 7.5762071000259
TRINITY_DN12070_c0_g1_i1 114.13 71.41 63.8084541841985 5.99567567877696
TRINITY_DN120_c2_g1_i1 89.94 56.27 50.2841704137984 5.652032402279
TRINITY_DN1210_c0_g1_i7 94.9 59.38 53.0572356267453 5.72947760551845
TRINITY_DN1214_c0_g1_i1 67.92 42.5 37.9731026740626 5.24690597716302
TRINITY_DN1222_c0_g3_i2 73.38 45.91 41.0257107512178 5.35845642285852
TRINITY_DN12252_c0_g1_i1 115.91 72.52 64.8036267807802 6.01800265170448
TRINITY_DN12257_c0_g4_i1 168.13 105.19 93.9990835187006 6.55457478561943
TRINITY_DN12258_c0_g4_i1 149.72 93.67 83.706315258549 6.38726456650994
TRINITY_DN12312_c0_g1_i2 97.13 60.77 54.3039968011145 5.76298647989574
TRINITY_DN12323_c0_g1_i1 89.78 56.17 50.1947166972517 5.64946361452553
TRINITY_DN12334_c0_g2_i1 77.57 48.53 43.3682799532838 5.43856831991736
TRINITY_DN12348_c0_g1_i15 104.06 65.11 58.1784608990423 5.86241322558667
TRINITY_DN12358_c0_g1_i5 88.88 55.61 49.6915395416767 5.63492833499907
TRINITY_DN12360_c0_g1_i10 95.36 59.66 53.314415061817 5.73645375407214
TRINITY_DN12409_c0_g1_i5 962.06 601.92 537.874015880575 9.07112448532849
TRINITY_DN12418_c0_g1_i1 96.23 60.2 53.8008196455395 5.74955624702888
TRINITY_DN12432_c0_g1_i2 73.26 45.84 40.9586204638078 5.35609521931854
TRINITY_DN124335_c0_g1_i1 175.9 110.05 98.3431796284984 6.6197530959693
TRINITY_DN12449_c0_g1_i3 59.62 37.3 33.3326911282039 5.05886589360115
TRINITY_DN12490_c0_g1_i2 86.48 54.11 48.3497337934766 5.59543604134463
TRINITY_DN12527_c0_g2_i3 80.97 50.66 45.2691714299006 5.50045699579799
TRINITY_DN1256_c0_g1_i1 60.41 37.79 33.7743688536531 5.07785690484654
TRINITY_DN12597_c0_g1_i1 74.66 46.71 41.7413404835912 5.38340502691305
TRINITY_DN1263_c0_g2_i1 95.6 59.82 53.448595636637 5.74008013647809
TRINITY_DN1264_c0_g5_i1 102.1 63.88 57.0826528713455 5.83498047937514
TRINITY_DN12693_c0_g1_i7 89.86 56.22 50.2394435555251 5.65074858013342
TRINITY_DN12804_c0_g2_i3 71.34 44.63 39.8851758652477 5.31778073407679
TRINITY_DN1283_c0_g1_i1 119.79 74.95 66.9728794070371 6.06550509096418
TRINITY_DN12844_c1_g1_i4 668.1 418.01 373.5251751552 8.54506167200629
TRINITY_DN1284_c0_g1_i5 62.47 39.08 34.9260854541915 5.12623304817549
TRINITY_DN1284_c0_g2_i1 255.91 160.11 143.075628759119 7.16063413673269
TRINITY_DN1284_c0_g2_i3 416.73 260.73 232.987795603093 7.86411057519489
TRINITY_DN1284_c0_g2_i4 552.78 345.85 309.051408954186 8.27170303202817
TRINITY_DN1284_c0_g2_i6 145.25 90.88 81.2072020525264 6.34353577678923
TRINITY_DN1287_c1_g1_i11 151.98 95.09 84.9698490047708 6.40887909604364
TRINITY_DN1287_c1_g1_i13 66.95 41.89 37.4307895174984 5.22615357382165
TRINITY_DN1287_c1_g1_i16 326.96 204.57 182.798669763126 7.51411176163064
TRINITY_DN1287_c1_g1_i19 139.06 87.01 77.746461393627 6.28070510780207
TRINITY_DN1287_c1_g1_i20 178.12 111.44 99.5843499455834 6.63784713005288
TRINITY_DN1287_c1_g1_i3 841.31 526.37 470.364414174258 8.87763510573909
TRINITY_DN128_c1_g1_i1 711.28 445.02 397.666496908234 8.63541521110726
TRINITY_DN128_c1_g1_i4 789.11 493.72 441.180139150906 8.78522403556931
TRINITY_DN1295_c0_g1_i2 93.69 58.62 52.3807418953611 5.71096458835171
TRINITY_DN12967_c0_g1_i1 76.12 47.62 42.5576056470796 5.411345079884
TRINITY_DN1298_c2_g1_i3 194.59 121.75 108.792491892607 6.76543518493774
TRINITY_DN129_c0_g1_i7 107.34 67.16 60.0122620882491 5.90718540638304
TRINITY_DN129_c8_g1_i1 145.99 91.34 81.6209254915547 6.35086716415167
TRINITY_DN13003_c2_g1_i1 62.69 39.22 35.0490843144432 5.1313048480457
TRINITY_DN130311_c0_g1_i1 202.89 126.94 113.432903438465 6.82569537275405
TRINITY_DN13084_c0_g2_i5 201.13 125.84 112.448912556452 6.81312589929419
TRINITY_DN13121_c1_g1_i1 60.26 37.7 33.6905059943906 5.07427019120444
TRINITY_DN13126_c0_g1_i3 201.79 126.25 112.817909137207 6.81785229450223
TRINITY_DN1317_c0_g1_i2 79.55 49.77 44.4752696955489 5.47493144882839
TRINITY_DN1323_c0_g3_i1 3051.32 1909.09 1705.94946483246 10.7363591951428
TRINITY_DN1324_c0_g1_i3 224.69 140.58 125.620972317949 6.97293353086174
TRINITY_DN13251_c0_g1_i1 692.75 433.43 387.306638360672 8.59733241886612
TRINITY_DN132619_c0_g1_i1 161.81 101.24 90.465661715107 6.49929838350211
TRINITY_DN132877_c0_g2_i4 343.33 214.81 191.950903137307 7.58459353791817
TRINITY_DN13329_c0_g1_i8 81.14 50.77 45.3642160037314 5.50348282081625
TRINITY_DN1334_c0_g2_i1 93.32 58.39 52.1738801758469 5.70525582559418
TRINITY_DN1335_c0_g2_i5 137.57 86.07 76.9134236582861 6.26516350783586
TRINITY_DN1335_c0_g2_i6 165.9 103.8 92.7523223443313 6.53531149945321
TRINITY_DN134022_c0_g1_i1 6375.95 3989.18 3564.70265009849 11.7995660238503
TRINITY_DN134022_c0_g1_i3 4060.93 2540.76 2270.40800709925 11.1487358671674
TRINITY_DN13407_c0_g1_i7 73.58 46.03 41.1375278969011 5.36238319458296
TRINITY_DN1345_c0_g1_i4 141.9 88.78 79.3342648623304 6.30987220255789
TRINITY_DN1345_c0_g1_i6 91.95 57.53 51.407932727916 5.68391909290928
TRINITY_DN1345_c0_g4_i1 68.69 42.98 38.4035986849434 5.26316960275202
TRINITY_DN13461_c0_g1_i1 628.72 393.37 351.508379170151 8.45741527009142
TRINITY_DN13514_c1_g1_i1 455.63 285.07 254.736230438503 7.99286035455648
TRINITY_DN1351_c0_g1_i13 131.52 82.29 73.530955001365 6.20027981729166
TRINITY_DN1351_c0_g1_i14 1006.11 629.49 562.501742217331 9.13571375452113
TRINITY_DN135233_c0_g1_i3 121.35 75.92 67.8450531433671 6.08417172164848
TRINITY_DN1354_c0_g4_i1 193.4 121.01 108.127179875791 6.75658540797418
TRINITY_DN1366_c0_g1_i8 110.53 69.15 61.7957455618984 5.94943561152782
TRINITY_DN13769_c0_g1_i1 206.62 129.28 115.51829320546 6.85197752130384
TRINITY_DN13804_c0_g1_i5 83.78 52.42 46.8402023267515 5.5496754024765
TRINITY_DN1388_c1_g2_i4 110.19 68.94 61.6056564142367 5.94499091506279
TRINITY_DN138977_c1_g1_i2 76.66 47.96 42.8595119404246 5.4215435164105
TRINITY_DN13910_c0_g1_i1 92.89 58.12 51.9334733126277 5.69859281103778
TRINITY_DN13911_c0_g1_i1 4071.9 2547.63 2276.54117753998 11.1526278393829
TRINITY_DN13926_c0_g2_i2 238.46 149.19 133.319582798247 7.05874489766525
TRINITY_DN13926_c0_g2_i3 80.45 50.34 44.9784468511239 5.49116193922079
TRINITY_DN13928_c0_g1_i3 81.86 51.22 45.7667577281915 5.51622818505307
TRINITY_DN139508_c0_g1_i2 670.14 419.28 374.66571004117 8.54946013590381
TRINITY_DN13975_c0_g1_i1 59.9 37.48 33.4892351321606 5.06562552128613
TRINITY_DN139_c1_g1_i1 74.79 46.79 41.8140216282853 5.38591490182264
TRINITY_DN1402_c1_g1_i12 7495.41 4689.59 4190.57675963185 12.0329331040036
TRINITY_DN1402_c1_g1_i16 288.21 180.32 161.134097786978 7.33211800661838
TRINITY_DN1402_c1_g1_i19 624.43 390.68 349.109901395243 8.44753746471536
TRINITY_DN1402_c1_g1_i2 149.43 93.49 83.5441803973082 6.38446743000372
TRINITY_DN1402_c1_g1_i20 303.79 190.07 169.844653435711 7.40807199390181
TRINITY_DN1402_c1_g1_i7 250.52 156.74 140.062156682953 7.12992339721475
TRINITY_DN1404_c14_g1_i1 67.6 42.3 37.7941952409692 5.24009276477953
TRINITY_DN1405_c4_g6_i1 426.72 266.98 238.573062029976 7.89828734316091
TRINITY_DN1405_c4_g7_i1 79.53 49.76 44.4640879809805 5.4745686891984
TRINITY_DN1416_c0_g1_i1 131.97 82.57 73.7825435791525 6.20520762024126
TRINITY_DN1416_c5_g1_i2 88.46 55.34 49.4567235357417 5.62809476050863
TRINITY_DN14192_c0_g2_i1 142.33 89.05 79.5746717255496 6.3142373951193
TRINITY_DN142072_c0_g1_i1 59.78 37.4 33.4221448447506 5.06273241528807
TRINITY_DN14253_c0_g2_i1 62.5 39.11 34.942858026044 5.12692570804679
TRINITY_DN14288_c0_g1_i2 116.12 72.65 64.9210347837478 6.02061409023664
TRINITY_DN1431_c0_g1_i6 66.79 41.79 37.3413358009517 5.22270163249268
TRINITY_DN1432_c0_g1_i15 118.02 73.84 65.9832976677395 6.04402897660967
TRINITY_DN1432_c0_g1_i8 75.72 47.37 42.3339713557129 5.40374392931369
TRINITY_DN1432_c1_g1_i7 106.65 66.73 59.6264929356416 5.89788157883791
TRINITY_DN1435_c1_g1_i6 137.95 86.31 77.1258762350844 6.26914306985062
TRINITY_DN1436_c0_g1_i5 526.6 329.47 294.414544584237 8.20170513454341
TRINITY_DN1436_c0_g1_i9 411.12 257.22 229.851324666676 7.84455717041514
TRINITY_DN144078_c0_g1_i2 971.63 607.91 543.224466301523 9.08540464840189
TRINITY_DN144124_c0_g1_i2 514.67 322.01 287.744651844225 8.16864530378117
TRINITY_DN14427_c0_g1_i5 427.87 267.7 239.216010617655 7.90217014145828
TRINITY_DN1448_c2_g1_i1 85.96 53.78 48.0590092146999 5.58673500103776
TRINITY_DN1450_c0_g2_i2 199.38 124.74 111.470512531723 6.80051831202317
TRINITY_DN14548_c0_g3_i3 125.49 78.52 70.1596680590123 6.13257001697517
TRINITY_DN14649_c0_g2_i3 109.66 68.61 61.3093409781758 5.93803499190678
TRINITY_DN1464_c0_g2_i3 117.73 73.66 65.8211628064986 6.04047960844095
TRINITY_DN146_c1_g1_i5 85.16 53.28 47.6117406319666 5.57324546806227
TRINITY_DN14724_c0_g1_i12 115.12 72.02 64.3619490553311 6.00813611035028
TRINITY_DN14724_c0_g1_i4 95.87 59.98 53.5995487833095 5.74414895059239
TRINITY_DN1476_c0_g6_i1 92.19 57.68 51.542113302736 5.6876797859241
TRINITY_DN1478_c0_g1_i2 120.12 75.15 67.1573776974146 6.06947399316713
TRINITY_DN147_c0_g1_i10 155.41 97.23 86.8875130532401 6.44107695143685
TRINITY_DN147_c0_g1_i2 158.62 99.24 88.6821782414577 6.4705723014881
TRINITY_DN147_c0_g1_i5 260.51 162.99 145.647423109836 7.18633636636766
TRINITY_DN147_c0_g1_i8 64.27 40.21 35.9324397653416 5.1672149906466
TRINITY_DN14804_c0_g1_i2 84.29 52.74 47.125336048244 5.55843100108631
TRINITY_DN14806_c0_g1_i1 134.34 84.05 75.1075767555001 6.23088654718373
TRINITY_DN14815_c0_g1_i5 206.81 129.39 115.624519493859 6.8533035599419
TRINITY_DN1481_c0_g1_i4 114.42 71.59 63.9705890454394 5.99933686264389
TRINITY_DN14846_c0_g1_i1 97.88 61.24 54.7233110974271 5.77408361968937
TRINITY_DN14_c0_g1_i7 85.74 53.64 47.9360103544483 5.58303793542695
TRINITY_DN14_c0_g1_i8 114.24 71.48 63.8699536143243 5.99706549763908
TRINITY_DN1500_c0_g4_i1 66.52 41.62 37.1903826542792 5.21685768689725
TRINITY_DN15012_c0_g1_i14 63.96 40.01 35.7591231895324 5.16023945709031
TRINITY_DN15020_c0_g1_i2 102.3 64.01 57.1944700170289 5.83780375824267
TRINITY_DN1511_c0_g1_i3 69.78 43.66 39.0130021289177 5.28588311580436
TRINITY_DN1515_c0_g1_i8 63.23 39.56 35.3509906077882 5.14367873778398
TRINITY_DN15183_c0_g1_i2 68.85 43.07 38.4930524014901 5.26652617263231
TRINITY_DN1526_c1_g1_i1 209.24 130.92 116.983097813911 6.87015628828798
TRINITY_DN15291_c0_g2_i1 1345.27 841.68 752.12125786714 9.55482146340765
TRINITY_DN153171_c1_g1_i1 4513.24 2823.76 2523.28807291941 11.3010892066511
TRINITY_DN153171_c2_g1_i1 405.18 253.51 226.53035543988 7.82356057650645
TRINITY_DN1534_c4_g1_i1 72.21 45.18 40.3715804489702 5.33526816080563
TRINITY_DN1539_c0_g1_i1 712.41 445.73 398.298263781345 8.63770538065055
TRINITY_DN1539_c0_g1_i4 638.77 399.65 357.127190740738 8.48029417094997
TRINITY_DN15406_c0_g3_i1 72.28 45.22 40.4107164499594 5.33666602447458
TRINITY_DN154208_c0_g1_i1 528.17 330.46 295.292309177851 8.20599997206622
TRINITY_DN1546_c2_g1_i1 369.07 230.91 206.341769786753 7.68889208547546
TRINITY_DN1546_c2_g1_i2 63.39 39.66 35.4404443243349 5.14732478626608
TRINITY_DN15471_c0_g1_i1 83.52 52.25 46.6948400373632 5.54519123017987
TRINITY_DN1549_c0_g1_i27 74.31 46.49 41.5456604786453 5.3766258875775
TRINITY_DN15543_c0_g1_i6 260.45 162.95 145.613877966131 7.18600405024805
TRINITY_DN15621_c0_g2_i1 157.32 98.43 87.955366794516 6.45869970455289
TRINITY_DN1563_c0_g4_i1 122.23 76.48 68.3370485843738 6.09459603529962
TRINITY_DN15680_c2_g1_i1 332.03 207.74 185.633234406198 7.53631121285176
TRINITY_DN15680_c2_g1_i6 1062.81 664.96 594.201903018558 9.21480941539746
TRINITY_DN15686_c0_g1_i2 75.42 47.19 42.1662456371879 5.39801666875164
TRINITY_DN15698_c0_g1_i2 1330.44 832.41 743.830016514721 9.53882915741159
TRINITY_DN1575_c1_g1_i2 247.16 154.64 138.183628635473 7.11044289171298
TRINITY_DN1579_c0_g1_i6 409.87 256.44 229.152467506155 7.84016401046285
TRINITY_DN158209_c0_g1_i1 341.35 213.57 190.843913395042 7.57624936503757
TRINITY_DN1585_c1_g1_i2 470.59 294.43 263.100152935617 8.03946827689271
TRINITY_DN1585_c1_g1_i5 317.35 198.55 177.425855913041 7.47107245578012
TRINITY_DN1585_c1_g1_i7 153.68 96.15 85.9202947430792 6.42492703727551
TRINITY_DN15871_c0_g4_i3 60.14 37.62 33.6234157069806 5.07139438618398
TRINITY_DN15897_c0_g1_i5 242.45 151.69 135.55033485463 7.08268486689367
TRINITY_DN1589_c0_g1_i4 256.29 160.35 143.288081335917 7.16277480137978
TRINITY_DN15936_c0_g1_i5 82.94 51.89 46.3705703148815 5.53513756551594
TRINITY_DN15976_c0_g1_i1 88.86 55.6 49.6803578271084 5.63460365961998
TRINITY_DN159802_c0_g1_i1 820.28 513.22 458.606841305655 8.84111406637708
TRINITY_DN15_c0_g1_i16 70.02 43.81 39.1471827037377 5.29083658003848
TRINITY_DN15_c0_g1_i4 77.91 48.75 43.5583691009455 5.44487803300954
TRINITY_DN16033_c0_g1_i1 564.57 353.23 315.643029692219 8.30215008236303
TRINITY_DN16033_c0_g1_i2 299.58 187.44 167.490902519076 7.38793892566123
TRINITY_DN16135_c0_g1_i4 227.85 142.56 127.387683219746 6.99308198372058
TRINITY_DN1614_c0_g1_i7 69.65 43.58 38.9403209842235 5.2831928710986
TRINITY_DN1621_c8_g3_i3 72.73 45.5 40.6623050277469 5.3456200945718
TRINITY_DN1635_c0_g1_i4 683.56 427.68 382.168640516523 8.57806559020559
TRINITY_DN1636_c0_g1_i1 152.39 95.34 85.1990741534216 6.41276584785579
TRINITY_DN16469_c1_g1_i1 64.07 40.09 35.8206226196583 5.16271850877424
TRINITY_DN16494_c1_g1_i1 109.83 68.72 61.4043855520067 5.94026979263568
TRINITY_DN1649_c1_g2_i2 61.06 38.2 34.137774577124 5.09329710781676
TRINITY_DN16544_c0_g1_i1 275.8 172.56 154.195843897327 7.26862007001132
TRINITY_DN1660_c1_g1_i3 162.55 101.7 90.8793851541354 6.5058811691877
TRINITY_DN16631_c1_g1_i1 60.37 37.77 33.7520054245165 5.07690131942271
TRINITY_DN1672_c1_g1_i2 83.25 52.08 46.5438868906907 5.54051979045597
TRINITY_DN1672_c2_g2_i1 69.93 43.75 39.0968649881802 5.28898102346
TRINITY_DN16756_c0_g1_i3 60.97 38.15 34.0874568615665 5.09116906426645
TRINITY_DN167678_c0_g2_i2 523.67 327.64 292.776423399976 8.19365557121968
TRINITY_DN168183_c0_g2_i1 80.7 50.49 45.1182182832281 5.49563819177512
TRINITY_DN168_c1_g2_i2 69.31 43.37 38.7502318365618 5.2761330367183
TRINITY_DN16968_c0_g1_i1 64.16 40.15 35.8709403352158 5.1647436600649
TRINITY_DN1696_c0_g1_i1 125.21 78.34 70.0031240550556 6.12934740206162
TRINITY_DN16986_c0_g1_i4 101.36 63.42 56.6689294323172 5.82448604275079
TRINITY_DN16988_c1_g1_i1 89.76 56.16 50.1835349826834 5.64914219421877
TRINITY_DN16_c21_g1_i1 388.45 243.04 217.176851203469 7.76272652480575
TRINITY_DN17009_c0_g1_i2 90.49 56.61 50.5916675644276 5.6608278878432
TRINITY_DN17017_c0_g1_i2 230.12 143.98 128.656807823252 7.00738398849422
TRINITY_DN17018_c0_g1_i2 246.91 154.48 138.043857203369 7.10898288081977
TRINITY_DN1702_c0_g3_i1 411.42 257.41 230.019050385201 7.845609541197
TRINITY_DN1705_c0_g2_i2 120.06 75.12 67.1238325537096 6.06875318623688
TRINITY_DN17072_c0_g1_i1 941.5 589.06 526.379213304327 9.03995870799893
TRINITY_DN17103_c0_g1_i3 61.41 38.42 34.3334545820698 5.10154312135455
TRINITY_DN17105_c3_g2_i2 120.97 75.69 67.6326005665688 6.07964692332452
TRINITY_DN1710_c0_g1_i4 73.06 45.71 40.8468033181245 5.352151271972
TRINITY_DN1710_c0_g1_i5 280.39 175.43 156.76204739076 7.29243251026948
TRINITY_DN1710_c0_g1_i9 111.25 69.6 62.1982872863584 5.95880294923847
TRINITY_DN1710_c3_g2_i1 73.35 45.89 41.0089381793653 5.35786648417073
TRINITY_DN17139_c0_g1_i1 114.71 71.77 64.1327239066802 6.00298877889456
TRINITY_DN1713_c1_g2_i1 141.75 88.69 79.2504020030679 6.30834634832693
TRINITY_DN17201_c0_g2_i6 333.15 208.44 186.259410422025 7.54116950676548
TRINITY_DN1721_c1_g1_i2 67.49 42.22 37.7326958108434 5.23774327200328
TRINITY_DN17272_c1_g2_i2 215.5 134.83 120.4829744738 6.9126854824738
TRINITY_DN17287_c0_g2_i2 136.12 85.17 76.1027493520818 6.24987666957499
TRINITY_DN17290_c0_g1_i1 89.01 55.69 49.7642206863709 5.6370369458114
TRINITY_DN17302_c0_g1_i5 85.75 53.65 47.9416012117324 5.58320618955752
TRINITY_DN1730_c2_g1_i1 156.76 98.08 87.6422787866026 6.45355509121219
TRINITY_DN1733_c2_g1_i1 71.01 44.43 39.7006775748702 5.31109172506575
TRINITY_DN1733_c6_g2_i1 117.58 73.56 65.7372999472361 6.03864029616824
TRINITY_DN173510_c0_g1_i1 145.36 90.95 81.2687014826522 6.3446279378441
TRINITY_DN173510_c2_g1_i1 111.69 69.88 62.4442850068617 5.96449763518265
TRINITY_DN17378_c2_g1_i1 172.69 108.04 96.5485144402807 6.59318215596771
TRINITY_DN1737_c1_g1_i3 194.58 121.74 108.786901035322 6.76536104278694
TRINITY_DN173_c0_g4_i1 111.13 69.53 62.1311969989484 5.95724594391685
TRINITY_DN1742_c0_g1_i4 77.96 48.78 43.5863233873663 5.44580360886787
TRINITY_DN1751_c0_g1_i2 196.15 122.72 109.664665628937 6.77695494857444
TRINITY_DN1758_c2_g1_i1 89.65 56.09 50.1220355525576 5.64737310136572
TRINITY_DN175_c0_g1_i1 104.62 65.46 58.4915489069557 5.87015628828798
TRINITY_DN175_c0_g2_i1 116.24 72.73 64.9881250711578 6.02210422124282
TRINITY_DN17693_c0_g1_i2 161.11 100.8 90.0743017052153 6.49304365718941
TRINITY_DN1769_c0_g1_i22 76.83 48.07 42.9545565142554 5.42473927192861
TRINITY_DN1774_c0_g1_i1 145.64 91.12 81.4252454866089 6.3474042590545
TRINITY_DN1774_c0_g1_i10 74.09 46.35 41.4226616183937 5.3723483519776
TRINITY_DN1774_c0_g1_i8 126.33 79.04 70.6293000708823 6.14219489450023
TRINITY_DN1774_c0_g1_i9 248.58 155.52 138.977530369824 7.11870783931034
TRINITY_DN17781_c75_g1_i1 64.55 40.38 36.0889837692983 5.17348661380453
TRINITY_DN17798_c0_g1_i2 112.41 70.33 62.8468267313218 5.97376799666025
TRINITY_DN178266_c0_g1_i5 812.76 508.51 454.402516627961 8.82782701475074
TRINITY_DN1782_c0_g1_i2 90.49 56.62 50.5916675644276 5.6608278878432
TRINITY_DN1782_c1_g3_i1 74.68 46.72 41.7525221981595 5.38379144583618
TRINITY_DN1788_c0_g2_i2 85.22 53.32 47.6452857756716 5.5742615697882
TRINITY_DN17981_c0_g1_i1 143.42 89.73 80.1840751695238 6.32524383586646
TRINITY_DN1800_c0_g5_i1 230.07 143.94 128.628853536831 7.00707048862535
TRINITY_DN1802_c4_g1_i1 102.87 64.36 57.5131488822264 5.84581992326677
TRINITY_DN1802_c5_g1_i1 64.14 40.13 35.8597586206474 5.16429387205163
TRINITY_DN180486_c0_g1_i1 77.12 48.25 43.1166913754963 5.43017456983994
TRINITY_DN18094_c0_g1_i1 158.81 99.36 88.7884045298569 6.47229937259357
TRINITY_DN181373_c0_g1_i1 184.63 115.52 103.223998037576 6.68963460457619
TRINITY_DN1815_c0_g1_i2 2203.46 1378.62 1231.92303913707 10.2666964152701
TRINITY_DN1815_c0_g1_i3 891.5 557.78 498.424926883492 8.9612324110097
TRINITY_DN1815_c0_g1_i5 346.58 216.84 193.767931754662 7.59818601684005
TRINITY_DN181_c27_g3_i1 65.95 41.26 36.8717037890817 5.20444217774889
TRINITY_DN1822_c0_g1_i3 86.89 54.36 48.5789589421275 5.60225966791748
TRINITY_DN1824_c0_g1_i13 250.42 156.68 140.006248110111 7.12934740206162
TRINITY_DN1824_c0_g1_i3 127.1 79.52 71.0597960817632 6.1509616435023
TRINITY_DN18253_c0_g1_i4 62.55 39.14 34.9708123124649 5.12807940266316
TRINITY_DN18256_c0_g3_i2 244.14 152.75 136.495189735654 7.09270629940485
TRINITY_DN18256_c0_g3_i9 154.91 96.92 86.6079701890317 6.4364278914686
TRINITY_DN1825_c1_g1_i2 207.07 129.55 115.769881783247 6.85511616630111
TRINITY_DN1828_c0_g2_i2 328.88 205.77 183.872114361686 7.52255889017392
TRINITY_DN1834_c0_g2_i1 697.84 436.61 390.152384718313 8.60789390795126
TRINITY_DN1834_c0_g2_i10 1366.13 854.73 763.783786161913 9.57702048408435
TRINITY_DN1834_c0_g2_i3 3788.56 2370.35 2118.12982725039 11.0485753042992
TRINITY_DN1834_c0_g2_i4 120.01 75.09 67.0958782672887 6.06815223857089
TRINITY_DN1834_c0_g2_i5 1625.99 1017.32 909.067803548278 9.82824409276922
TRINITY_DN1834_c0_g2_i9 631.58 395.15 353.107364353422 8.46396309981409
TRINITY_DN18465_c0_g3_i1 155.28 97.15 86.8148319085459 6.43986963632364
TRINITY_DN18469_c0_g1_i1 166.34 104.07 92.9983200648347 6.53913275029059
TRINITY_DN1850_c0_g1_i2 95.04 59.46 53.1355076287236 5.73160435441075
TRINITY_DN18531_c0_g1_i2 462.42 289.32 258.532422534453 8.01420140995311
TRINITY_DN18605_c0_g1_i11 928.61 580.99 519.172598265036 9.02007043021814
TRINITY_DN18605_c0_g1_i3 388.9 243.32 217.428439781256 7.76439684793155
TRINITY_DN1860_c0_g1_i19 59.69 37.35 33.3718271291931 5.06055877205978
TRINITY_DN18617_c0_g8_i1 60.49 37.84 33.8190957119265 5.0797661789593
TRINITY_DN1863_c2_g1_i2 93.83 58.7 52.4590138973394 5.71311878356557
TRINITY_DN18640_c0_g3_i1 110.62 69.21 61.8460632774559 5.95060986032591
TRINITY_DN1864_c0_g1_i2 59.82 37.43 33.4445082738873 5.06369742872933
TRINITY_DN18677_c0_g1_i4 392.62 245.65 219.508238690967 7.77813127849
TRINITY_DN1870_c1_g2_i2 231.38 144.77 129.361255841057 7.01526177947252
TRINITY_DN18839_c0_g2_i2 570.06 356.67 318.712410341227 8.31611138708048
TRINITY_DN18852_c1_g1_i3 171.86 107.52 96.0844732856949 6.58623141325876
TRINITY_DN18852_c1_g1_i4 175.21 109.62 97.9574104758908 6.61408273135592
TRINITY_DN1887_c0_g2_i1 118.26 73.99 66.1174782425595 6.04695979537462
TRINITY_DN18934_c0_g1_i1 157.09 98.29 87.8267770769802 6.45658895795708
TRINITY_DN18952_c0_g1_i1 100.6 62.94 56.2440242787205 5.81362791830287
TRINITY_DN18968_c0_g1_i1 164.35 102.83 91.8857394652854 6.52176906957765
TRINITY_DN1904_c1_g1_i2 79.86 49.97 44.648586271358 5.48054259024303
TRINITY_DN19089_c0_g1_i2 403.85 252.67 225.786771421086 7.8188171525718
TRINITY_DN1913_c0_g1_i1 71.5 44.73 39.9746295817944 5.32101276016309
TRINITY_DN19166_c0_g2_i1 63.64 39.82 35.5802157564391 5.15300335394103
TRINITY_DN19198_c0_g1_i2 1335.3 835.45 746.547173154826 9.54408961467077
TRINITY_DN1930_c4_g1_i1 84.53 52.89 47.2595166230641 5.56253296818823
TRINITY_DN1930_c4_g1_i7 169.09 105.79 94.5358058179806 6.562788954297
TRINITY_DN1931_c3_g2_i1 189.41 118.51 105.896427819408 6.72651011381559
TRINITY_DN19321_c2_g1_i2 113.61 71.08 63.5177296054218 5.98908744021556
TRINITY_DN19331_c0_g1_i1 508.54 318.17 284.317456329031 8.15135886911443
TRINITY_DN1933_c0_g1_i3 70 43.8 39.1360009891693 5.29042444032967
TRINITY_DN19374_c1_g1_i2 77.71 48.62 43.4465519552621 5.44116977999531
TRINITY_DN19379_c0_g2_i1 67.6 42.3 37.7941952409692 5.24009276477953
TRINITY_DN19414_c1_g1_i6 187.37 117.23 104.755892933438 6.71088759328613
TRINITY_DN194450_c0_g1_i1 374.73 234.45 209.506195009592 7.71084909421236
TRINITY_DN19533_c0_g1_i1 70.59 44.17 39.4658615689352 5.30253333955543
TRINITY_DN19533_c0_g1_i5 74.45 46.58 41.6239324806237 5.37934136707944
TRINITY_DN19533_c0_g1_i8 162.63 101.75 90.9241120124087 6.50659102591689
TRINITY_DN1958_c0_g1_i1 228.33 142.86 127.656044369386 6.99611803911623
TRINITY_DN19758_c0_g1_i5 278.13 174.01 155.498513644538 7.28075697998332
TRINITY_DN19814_c0_g1_i8 90.67 56.73 50.6923029955426 5.66369480319776
TRINITY_DN198179_c0_g2_i1 132.83 83.11 74.2633573055909 6.21457863306198
TRINITY_DN19825_c0_g1_i3 77.19 48.3 43.1558273764854 5.43148347606494
TRINITY_DN198411_c0_g1_i2 321.09 200.89 179.51683653732 7.48797534774955
TRINITY_DN1984_c0_g1_i1 80.86 50.59 45.2076719997747 5.49849572188168
TRINITY_DN1984_c0_g3_i1 172.44 107.89 96.4087430081766 6.59109208078847
TRINITY_DN19850_c0_g1_i3 138.14 86.43 77.2321025234836 6.27112874192162
TRINITY_DN1988_c0_g1_i3 130.34 81.55 72.8712338418333 6.18727751322638
TRINITY_DN1988_c3_g1_i1 441.45 276.2 246.808394809554 7.94724765615889
TRINITY_DN19932_c0_g1_i1 207.63 129.91 116.08296979116 6.85901252373528
TRINITY_DN19975_c0_g2_i7 75.95 47.52 42.4625610732487 5.40811948299943
TRINITY_DN1997_c1_g1_i15 186.86 116.91 104.470759211945 6.70695538621373
TRINITY_DN1_c1_g1_i1 581.64 363.91 325.186623076292 8.34512410149754
TRINITY_DN1_c1_g1_i12 820.49 513.35 458.724249308622 8.84148336367072
TRINITY_DN1_c1_g1_i13 111.39 69.69 62.2765592883367 5.96061733418588
TRINITY_DN1_c1_g1_i20 120.63 75.47 67.4425114189071 6.0755863551315
TRINITY_DN1_c1_g1_i32 61.71 38.61 34.5011803005948 5.10857381285607
TRINITY_DN1_c1_g1_i6 263.62 164.94 147.386179725212 7.20345744028181
TRINITY_DN1_c2_g1_i10 147.64 92.37 82.5434169434423 6.36708125585559
TRINITY_DN1_c4_g1_i2 127.3 79.65 71.1716132274465 6.1532300323987
TRINITY_DN2006_c0_g1_i2 174.92 109.44 97.79527561465 6.61169286669119
TRINITY_DN2006_c0_g1_i3 87.89 54.99 49.1380446705442 5.61876854517525
TRINITY_DN20130_c1_g1_i1 66.54 41.63 37.2015643688475 5.21729138449285
TRINITY_DN201475_c0_g1_i1 86.74 54.27 48.495096082865 5.59976696147308
TRINITY_DN2016_c0_g1_i4 75.54 47.26 42.2333359245979 5.40031030205015
TRINITY_DN201_c0_g1_i1 129.87 81.25 72.6084635494774 6.18206581954349
TRINITY_DN20240_c0_g2_i1 201.38 125.99 112.588683988556 6.81491802275249
TRINITY_DN2033_c1_g1_i1 1725.07 1079.31 964.462017519805 9.91358061289637
TRINITY_DN2033_c1_g1_i2 739.98 462.98 413.712257313793 8.69248389161623
TRINITY_DN2033_c25_g1_i1 1698.2 1062.5 949.439383997248 9.89093208567546
TRINITY_DN20382_c1_g2_i1 397.87 248.93 222.443438765154 7.79729473490305
TRINITY_DN20413_c0_g5_i1 63.57 39.77 35.5410797554499 5.15141560670331
TRINITY_DN2043_c0_g3_i1 210.72 131.84 117.810544691968 6.88032486386649
TRINITY_DN2043_c1_g2_i1 76.58 47.91 42.8147850821512 5.42003717846014
TRINITY_DN20443_c0_g4_i2 648.09 405.48 362.337869729582 8.50119178666697
TRINITY_DN20493_c0_g2_i7 871.52 545.28 487.254394029726 8.92853138545042
TRINITY_DN20559_c0_g2_i1 83.5 52.24 46.6836583227948 5.54484571585876
TRINITY_DN2057_c0_g1_i4 139.43 87.23 77.9533231131411 6.28453862052575
TRINITY_DN2062_c1_g6_i2 87.74 54.89 49.0541818112817 5.61630422462921
TRINITY_DN2064_c0_g1_i13 900.02 563.11 503.188337289603 8.97495467413532
TRINITY_DN2064_c0_g1_i9 687.02 429.84 384.103077136844 8.5853497114471
TRINITY_DN2065_c15_g1_i1 60.13 37.62 33.6178248496965 5.07115447680605
TRINITY_DN206708_c0_g1_i2 440.28 275.46 246.154264507307 7.94341892357968
TRINITY_DN20706_c0_g1_i1 404.25 252.93 226.010405712453 7.82024538685837
TRINITY_DN20708_c0_g1_i2 495.23 309.84 276.876025283805 8.11309632581393
TRINITY_DN20714_c0_g1_i1 69.71 43.62 38.9738661279285 5.28443514589483
TRINITY_DN20717_c0_g1_i1 148.09 92.65 82.7950055212298 6.37147183692259
TRINITY_DN2075_c0_g1_i11 169.41 105.99 94.7147132510739 6.56551665031243
TRINITY_DN20794_c2_g1_i2 303.98 190.19 169.95087972411 7.40897401955855
TRINITY_DN2082_c3_g1_i1 84.85 53.09 47.4384240561574 5.56798417804001
TRINITY_DN2084_c1_g3_i1 81.62 51.07 45.6325771533714 5.51199222886808
TRINITY_DN20_c0_g1_i2 123.56 77.31 69.080632603168 6.11020938923762
TRINITY_DN20_c0_g1_i3 533.92 334.05 298.507052116247 8.2216212047923
TRINITY_DN20_c0_g1_i8 334.16 209.07 186.824087007726 7.54553666177277
TRINITY_DN21074_c0_g1_i6 127.68 79.89 71.3840658042449 6.15753016983233
TRINITY_DN21074_c0_g1_i9 568.12 355.45 317.627784028098 8.31119330542424
TRINITY_DN21081_c2_g4_i1 216.84 135.67 121.232149349878 6.92162852519574
TRINITY_DN2108_c0_g2_i1 61.97 38.77 34.6465425899832 5.11463948658159
TRINITY_DN21091_c0_g1_i2 110.21 68.95 61.616838128805 5.94525274719435
TRINITY_DN211770_c0_g1_i1 543.23 339.88 303.712140247807 8.2465607681031
TRINITY_DN21230_c1_g1_i1 273.66 171.22 152.999400438515 7.25738218918889
TRINITY_DN21239_c0_g1_i7 185.26 115.91 103.576222046479 6.69454903186345
TRINITY_DN21241_c0_g1_i1 118.91 74.39 66.4808839660304 6.05486765998193
TRINITY_DN212531_c3_g1_i1 118.44 74.1 66.2181136736745 6.04915400878753
TRINITY_DN2141_c0_g2_i4 70.04 43.82 39.158364418306 5.29124860204354
TRINITY_DN2141_c1_g1_i2 177.89 111.3 99.4557602280476 6.63598302564251
TRINITY_DN21428_c0_g1_i2 84.78 53.04 47.3992880551682 5.56679348466508
TRINITY_DN2144_c5_g1_i2 76.91 48.12 42.9992833725288 5.42624071089944
TRINITY_DN2145_c0_g2_i5 204.32 127.84 114.232396030101 6.8358280433127
TRINITY_DN2149_c0_g1_i3 66.41 41.55 37.1288832241534 5.2144700168345
TRINITY_DN2156_c6_g1_i11 84.99 53.17 47.5166960581357 5.57036262070924
TRINITY_DN2156_c6_g1_i15 278.28 174.11 155.582376503801 7.28153483897714
TRINITY_DN21635_c0_g1_i2 149.41 93.48 83.5329986827398 6.38427432398806
TRINITY_DN21640_c0_g2_i1 129 80.71 72.1220589657549 6.17236867880796
TRINITY_DN21693_c0_g1_i2 347.19 217.22 194.108974048996 7.6007230080669
TRINITY_DN21739_c0_g1_i2 63.28 39.59 35.3789448942091 5.14481911808277
TRINITY_DN2173_c0_g2_i2 116.99 73.2 65.4074393674703 6.03138283042982
TRINITY_DN21877_c1_g1_i1 1026.66 642.34 573.990953936294 9.16488419006578
TRINITY_DN218_c0_g1_i7 79.11 49.5 44.2292719750455 5.4669295901957
TRINITY_DN22033_c0_g5_i1 66.75 41.76 37.318972371815 5.22183735507226
TRINITY_DN22071_c0_g1_i6 201.8 126.26 112.823499994491 6.8179237876037
TRINITY_DN2214_c1_g5_i7 59.84 37.44 33.4556899884556 5.06417969349762
TRINITY_DN22161_c0_g1_i3 76.6 47.93 42.8259667967196 5.4204139104223
TRINITY_DN221_c0_g2_i10 60.89 38.1 34.0427300032932 5.08927483121456
TRINITY_DN22201_c0_g2_i3 175.91 110.06 98.3487704857825 6.61983511154824
TRINITY_DN2220_c1_g2_i9 231.15 144.62 129.232666123521 7.01382697573328
TRINITY_DN2222_c0_g2_i2 149.05 93.26 83.3317278205098 6.38079398848851
TRINITY_DN22371_c0_g1_i1 253.76 158.77 141.873594443023 7.14846228931396
TRINITY_DN224_c1_g2_i4 117.28 73.38 65.5695742287111 6.03495462174379
TRINITY_DN2255_c0_g1_i8 330.63 206.86 184.850514386415 7.5302152479155
TRINITY_DN2259_c1_g1_i6 86.9 54.37 48.5845497994116 5.60242569531174
TRINITY_DN22617_c1_g1_i7 320.89 200.77 179.405019391636 7.48707644430236
TRINITY_DN22698_c0_g2_i7 69.84 43.7 39.0465472726227 5.28712307723942
TRINITY_DN22712_c0_g2_i3 66.04 41.32 36.9220215046392 5.20640963852324
TRINITY_DN22733_c0_g2_i2 68.19 42.66 38.1240558207351 5.25262970314898
TRINITY_DN22829_c0_g2_i1 253.09 158.35 141.499007004984 7.14464811849257
TRINITY_DN2289_c0_g1_i6 76.21 47.68 42.6079233626371 5.41304983362638
TRINITY_DN2289_c0_g1_i7 97.22 60.83 54.354314516672 5.76432265239856
TRINITY_DN228_c0_g1_i1 186.23 116.52 104.118535203043 6.70208311014292
TRINITY_DN229478_c0_g1_i3 78.84 49.33 44.078318828373 5.46199729465347
TRINITY_DN229686_c0_g1_i1 69.13 43.25 38.6495964054468 5.27238144391716
TRINITY_DN2300_c1_g1_i4 66.13 41.38 36.9723392201967 5.20837441984651
TRINITY_DN23020_c0_g2_i2 67.26 42.08 37.6041060933076 5.23281829713656
TRINITY_DN23030_c1_g1_i3 273.07 170.85 152.66953985875 7.25426843869215
TRINITY_DN230361_c0_g1_i1 166.97 104.46 93.3505440737372 6.5445865258037
TRINITY_DN2303_c0_g6_i1 66.34 41.51 37.0897472231642 5.212948530398
TRINITY_DN230847_c0_g1_i1 125.01 78.21 69.8913069093723 6.12704111903369
TRINITY_DN23115_c0_g2_i4 146.3 91.54 81.7942420673639 6.35392738263583
TRINITY_DN2313_c0_g1_i3 115.53 72.28 64.5911742039819 6.01326514212812
TRINITY_DN2313_c0_g3_i2 111.91 70.02 62.5672838671134 5.96733657088403
TRINITY_DN23209_c0_g1_i4 90.55 56.65 50.6252127081326 5.66178415944751
TRINITY_DN2323_c0_g1_i1 135.02 84.48 75.4877550508235 6.23817073720371
TRINITY_DN2337_c1_g2_i1 84.12 52.63 47.0302914744132 5.55551836834176
TRINITY_DN23418_c0_g1_i2 113.57 71.06 63.4953661762852 5.98857940427725
TRINITY_DN23435_c0_g1_i7 142.57 89.2 79.7088523003696 6.3166680507298
TRINITY_DN23457_c0_g1_i2 186.27 116.54 104.14089863218 6.7023929506898
TRINITY_DN23489_c1_g1_i1 275.94 172.64 154.274115899305 7.26935221671107
TRINITY_DN234_c2_g1_i1 174.74 109.33 97.694640183535 6.61020750874176
TRINITY_DN23522_c0_g1_i1 114.77 71.8 64.1662690503852 6.00374319500425
TRINITY_DN2363_c0_g1_i10 63.89 39.98 35.7199871885433 5.15865965790449
TRINITY_DN237_c3_g1_i10 66.69 41.72 37.28542722811 5.22053996735813
TRINITY_DN237_c3_g1_i11 89.14 55.77 49.8369018310651 5.63914247922263
TRINITY_DN237_c3_g1_i5 110.47 69.12 61.7622004181934 5.94865224768547
TRINITY_DN2388_c0_g1_i2 142.74 89.31 79.8038968742004 6.31838729075627
TRINITY_DN2395_c5_g1_i1 353.6 221.24 197.692713568147 7.62711588788877
TRINITY_DN2395_c5_g1_i2 84.38 52.79 47.1756537638015 5.55997060582933
TRINITY_DN2404_c0_g1_i4 90.11 56.38 50.3792149876293 5.65475673696194
TRINITY_DN2413_c0_g4_i2 59.78 37.4 33.4221448447506 5.06273241528807
TRINITY_DN2414_c0_g1_i2 698.86 437.25 390.722652161298 8.6100010880233
TRINITY_DN24152_c0_g1_i2 339.33 212.31 189.71456022364 7.56768659681265
TRINITY_DN2423_c1_g1_i1 138.7 86.78 77.5451905313969 6.27696540082095
TRINITY_DN2423_c1_g1_i5 95.11 59.5 53.1746436297128 5.73266655433106
TRINITY_DN24279_c0_g4_i5 66.89 41.85 37.3972443737934 5.22486006353695
TRINITY_DN2427_c0_g1_i7 66.45 41.58 37.15124665329 5.21533871777352
TRINITY_DN24283_c1_g1_i1 68.31 42.74 38.1911461081451 5.25516631046776
TRINITY_DN24283_c1_g2_i1 64.59 40.41 36.111347198435 5.17438033849837
TRINITY_DN2430_c0_g1_i7 93.1 58.25 52.0508813155952 5.70185068605614
TRINITY_DN2438_c1_g1_i10 117.3 73.39 65.5807559432795 6.03520062652585
TRINITY_DN24476_c0_g1_i1 91.99 57.56 51.4302961570527 5.68454655624021
TRINITY_DN24476_c0_g1_i6 94.22 58.95 52.6770573314219 5.7191028502779
TRINITY_DN2450_c0_g1_i1 111.26 69.61 62.2038781436426 5.95893262386359
TRINITY_DN24533_c0_g1_i5 108.02 67.58 60.3924403835724 5.91629606656197
TRINITY_DN2453_c0_g1_i3 179.57 112.35 100.395024251788 6.64954395841444
TRINITY_DN2453_c0_g3_i1 97.73 61.14 54.6394482381646 5.77187100991941
TRINITY_DN2453_c2_g1_i12 665.89 416.62 372.289595695399 8.54028148781107
TRINITY_DN2453_c2_g1_i13 142.65 89.25 79.7535791586429 6.31747736007906
TRINITY_DN2453_c2_g1_i9 69.34 43.39 38.7670044084143 5.27675735481281
TRINITY_DN2460_c0_g1_i5 1001.3 626.47 559.812539863646 9.12879999357814
TRINITY_DN24685_c0_g1_i4 2293.86 1435.18 1282.46438898594 10.3247030508089
TRINITY_DN2476_c0_g1_i11 104.66 65.48 58.5139123360923 5.8707077772247
TRINITY_DN24782_c0_g1_i9 246.1 153.98 137.590997763351 7.1042422709555
TRINITY_DN2480_c0_g1_i1 397.76 248.86 222.381939335028 7.79689581466247
TRINITY_DN2480_c0_g1_i10 1618.91 1012.89 905.109476591088 9.82194849222786
TRINITY_DN2480_c0_g1_i12 929.35 581.46 519.586321704065 9.02121964159697
TRINITY_DN2480_c0_g1_i13 1171.71 733.09 655.086338843137 9.35554125277912
TRINITY_DN2480_c0_g1_i4 743.29 465.05 415.562831074852 8.69892281172133
TRINITY_DN24871_c0_g1_i1 67.78 42.41 37.8948306720842 5.24392915509397
TRINITY_DN2489_c1_g4_i1 97.61 61.07 54.5723579507545 5.77009847560299
TRINITY_DN249_c0_g1_i5 208.19 130.26 116.396057799074 6.86289838642266
TRINITY_DN2502_c9_g1_i1 181.65 113.65 101.557922566894 6.66615897891283
TRINITY_DN25375_c0_g1_i4 180.55 112.96 100.942928265636 6.65739603344598
TRINITY_DN253_c1_g2_i1 241.68 151.21 135.119838843749 7.07809570233792
TRINITY_DN25400_c0_g1_i1 67.77 42.4 37.8892398148001 5.24371628972422
TRINITY_DN25400_c0_g1_i2 217.06 135.8 121.35514821013 6.92309150254625
TRINITY_DN25400_c0_g2_i2 966.28 604.57 540.233357654493 9.0774389141031
TRINITY_DN25410_c0_g1_i5 69.52 43.5 38.8676398395293 5.28049760042438
TRINITY_DN2549_c0_g1_i1 105.86 66.23 59.1848152101924 5.88715517224486
TRINITY_DN2549_c3_g2_i1 67.81 42.43 37.9116032439367 5.24456756282217
TRINITY_DN2549_c6_g2_i5 81.79 51.17 45.7276217272023 5.51499398207083
TRINITY_DN2549_c6_g2_i6 69.35 43.39 38.7725952656985 5.27696540082095
TRINITY_DN2553_c0_g1_i1 83.54 52.27 46.7060217519315 5.54553666177277
TRINITY_DN2553_c0_g1_i3 970.42 607.16 542.547972570139 9.08360689733949
TRINITY_DN2553_c0_g1_i6 538.46 336.9 301.045301323259 8.23383678997159
TRINITY_DN25542_c0_g1_i6 79.28 49.61 44.3243165488763 5.47002648079647
TRINITY_DN2555_c0_g2_i1 505.49 316.27 282.61224485736 8.14268016504418
TRINITY_DN2558_c0_g1_i5 216.98 135.76 121.310421351857 6.92255968241641
TRINITY_DN2558_c1_g1_i1 79.44 49.7 44.413770265423 5.47293514113835
TRINITY_DN2571_c0_g1_i4 71.9 44.99 40.1982638731611 5.32906128893664
TRINITY_DN257925_c1_g1_i1 1800.56 1126.54 1006.66739915798 9.97537138325407
TRINITY_DN258252_c0_g1_i1 67.86 42.46 37.9395575303576 5.24563094832096
TRINITY_DN258567_c1_g1_i1 250.03 156.43 139.788204676029 7.12709882106513
TRINITY_DN25939_c0_g2_i1 252.84 158.19 141.35923557288 7.14322233314844
TRINITY_DN25945_c0_g1_i1 59.62 37.3 33.3326911282039 5.05886589360115
TRINITY_DN25959_c0_g1_i1 68.8 43.04 38.4650981150693 5.26547808319944
TRINITY_DN2598_c1_g1_i6 61.16 38.27 34.1936831499657 5.09565792497079
TRINITY_DN26061_c0_g2_i1 348.31 217.92 194.735150064822 7.60536950653571
TRINITY_DN2621_c0_g1_i1 177.85 111.28 99.4333967989109 6.63565858755919
TRINITY_DN26231_c0_g1_i2 154.71 96.79 86.4961530433484 6.43456406453035
TRINITY_DN26312_c0_g1_i2 115.32 72.15 64.4737662010144 6.01064035510489
TRINITY_DN263_c1_g1_i1 80.49 50.36 45.0008102802606 5.49187907359166
TRINITY_DN263_c3_g2_i1 63.32 39.62 35.4013083233457 5.14573077374716
TRINITY_DN263_c7_g1_i1 91.97 57.54 51.4191144424843 5.68423285868714
TRINITY_DN2648_c0_g1_i3 166.54 104.2 93.110137210518 6.54086634223301
TRINITY_DN2662_c2_g1_i4 73.41 45.93 41.0424833230703 5.35904612041053
TRINITY_DN2664_c0_g3_i2 101.77 63.67 56.898154580968 5.8303099562055
TRINITY_DN2667_c0_g1_i6 93.24 58.34 52.1291533175735 5.70401852273885
TRINITY_DN26747_c0_g1_i3 103.81 64.95 58.0386894669381 5.85894303812222
TRINITY_DN2674_c0_g1_i1 396.14 247.85 221.476220454993 7.79100799702764
TRINITY_DN2674_c0_g1_i14 388.23 242.9 217.053852343217 7.76190921801921
TRINITY_DN26824_c0_g1_i9 65.72 41.12 36.7431140715458 5.19940199856006
TRINITY_DN2685_c0_g1_i1 1784.58 1116.54 997.733209217883 9.96251028470203
TRINITY_DN26885_c0_g1_i4 489.86 306.48 273.873734922207 8.09736710490743
TRINITY_DN2689_c0_g3_i1 537.63 336.38 300.581260168673 8.23161125656565
TRINITY_DN268_c0_g2_i6 86.49 54.11 48.3553246507608 5.59560285582604
TRINITY_DN268_c1_g1_i2 112.83 70.59 63.0816427372568 5.97914832537144
TRINITY_DN2693_c0_g1_i10 248.26 155.33 138.798622936731 7.11684944434649
TRINITY_DN2693_c0_g1_i2 204.89 128.19 114.551074895299 6.83984718607634
TRINITY_DN2693_c0_g1_i7 971.53 607.85 543.168557728681 9.08525615882387
TRINITY_DN2706_c0_g1_i1 69.34 43.39 38.7670044084143 5.27675735481281
TRINITY_DN2707_c1_g1_i13 60.71 37.98 33.9420945721781 5.08500369146073
TRINITY_DN2707_c1_g1_i7 69.73 43.63 38.9850478424968 5.28484899989678
TRINITY_DN271_c0_g1_i2 432.82 270.8 241.983484973318 7.91876477876168
TRINITY_DN27212_c0_g1_i1 304.4 190.45 170.185695730045 7.41096597200089
TRINITY_DN2721_c0_g4_i1 69.27 43.34 38.7278684074251 5.27530019210525
TRINITY_DN272_c0_g1_i5 121.27 75.87 67.8003262850938 6.08322031115096
TRINITY_DN2731_c0_g1_i3 71.43 44.69 39.9354935808052 5.31959963960147
TRINITY_DN27320_c0_g3_i3 124.86 78.12 69.8074440501098 6.12530898406647
TRINITY_DN273_c1_g2_i10 398.32 249.21 222.695027342942 7.79892553367603
TRINITY_DN273_c1_g2_i4 77.28 48.35 43.2061450920429 5.43316461244575
TRINITY_DN2746_c0_g3_i1 81.95 51.27 45.817075443749 5.5178134675968
TRINITY_DN2746_c0_g4_i1 77.4 48.43 43.2732353794529 5.43540308464175
TRINITY_DN2755_c1_g1_i1 1044.52 653.52 583.976225045816 9.1897658247932
TRINITY_DN275_c0_g2_i1 911.93 570.56 509.847048315046 8.9939207001276
TRINITY_DN275_c1_g1_i2 143.89 90.03 80.4468454618796 6.32996394497554
TRINITY_DN27779_c1_g1_i3 95.72 59.89 53.515685924047 5.74188991514848
TRINITY_DN27798_c1_g1_i3 67.53 42.25 37.7550592399801 5.23859807578529
TRINITY_DN2780_c0_g1_i2 79.71 49.87 44.5647234120955 5.47783024682164
TRINITY_DN27973_c0_g1_i1 107.89 67.51 60.3197592388783 5.91455876511248
TRINITY_DN2797_c0_g1_i8 665.4 416.31 372.015643688475 8.53921947938021
TRINITY_DN27987_c1_g1_i3 79.54 49.76 44.4696788382647 5.47475008041519
TRINITY_DN2812_c0_g1_i1 104.25 65.23 58.2846871874415 5.86504499682937
TRINITY_DN28199_c0_g3_i1 79.97 50.03 44.7100857014839 5.48252840616687
TRINITY_DN281_c0_g1_i3 64.15 40.13 35.8653494779316 5.16451878358703
TRINITY_DN2820_c0_g1_i1 311.45 194.86 174.127250115383 7.44399818558376
TRINITY_DN2827_c0_g1_i12 63.3 39.61 35.3901266087774 5.14527501792568
TRINITY_DN2839_c0_g2_i3 367.98 230.23 205.732366342779 7.68462496997183
TRINITY_DN2839_c0_g2_i5 146.24 91.5 81.7606969236589 6.35333558866805
TRINITY_DN28429_c0_g1_i1 105.77 66.17 59.1344974946349 5.88592810083241
TRINITY_DN2846_c0_g1_i7 61.1 38.23 34.1601380062607 5.09424189831607
TRINITY_DN2846_c5_g1_i1 610.61 382.04 341.383336628524 8.41524883000886
TRINITY_DN2846_c5_g1_i2 2644.31 1654.44 1478.39598250958 10.5298170260597
TRINITY_DN2852_c0_g1_i4 135.09 84.52 75.5268910518126 6.23891849667298
TRINITY_DN2868_c0_g1_i14 62.41 39.05 34.8925403104865 5.12484672996419
TRINITY_DN2868_c0_g1_i9 71.25 44.58 39.8348581496902 5.31595953243681
TRINITY_DN287444_c0_g1_i1 493.44 308.73 275.875261829939 8.10787228352502
TRINITY_DN2877_c0_g2_i1 89.58 56.05 50.0828995515684 5.64624618446568
TRINITY_DN288110_c0_g1_i1 90.45 56.59 50.5693041352909 5.66019002111858
TRINITY_DN2888_c0_g1_i11 321.21 200.97 179.58392682473 7.48851442110132
TRINITY_DN2888_c0_g1_i8 508.88 318.39 284.507545476693 8.15232310479323
TRINITY_DN2890_c0_g1_i2 982.83 614.92 549.48622645979 9.10193950849755
TRINITY_DN2890_c0_g1_i3 332.94 208.31 186.142002419058 7.54025982198227
TRINITY_DN2896_c0_g2_i2 148.51 92.92 83.0298215271648 6.37555769209574
TRINITY_DN2896_c2_g2_i2 190.25 119.03 106.366059831278 6.73289406688825
TRINITY_DN2910_c0_g2_i16 91.45 57.22 51.1283898637076 5.67605268824606
TRINITY_DN2913_c2_g1_i1 89.95 56.28 50.2897612710826 5.65219279974882
TRINITY_DN29158_c0_g1_i4 679.41 425.08 379.848434743593 8.56928006606043
TRINITY_DN291_c0_g1_i5 60.74 38 33.9588671440306 5.08571642677744
TRINITY_DN2920_c1_g1_i4 189.5 118.56 105.946745534966 6.7271954615558
TRINITY_DN29233_c0_g1_i1 93.31 58.38 52.1682893185627 5.70510122075656
TRINITY_DN29327_c0_g1_i2 75.73 47.38 42.3395622129971 5.40393444698196
TRINITY_DN293_c0_g1_i3 273.56 171.16 152.943491865674 7.25685490763597
TRINITY_DN2941_c0_g1_i2 89.08 55.74 49.8033566873601 5.63817107639777
TRINITY_DN29427_c1_g3_i1 154.7 96.79 86.4905621860642 6.43447080994638
TRINITY_DN2945_c0_g1_i1 419.83 262.67 234.720961361185 7.87480287484624
TRINITY_DN2945_c0_g1_i3 241.8 151.29 135.186929131159 7.07881185774647
TRINITY_DN2945_c0_g1_i4 177.3 110.93 99.1258996482817 6.63119014939603
TRINITY_DN2945_c0_g1_i5 433.4 271.16 242.3077546958 7.92069676659102
TRINITY_DN2945_c0_g1_i7 91.16 57.04 50.9662550024668 5.67147044287528
TRINITY_DN29552_c0_g1_i2 107.25 67.1 59.9619443726916 5.90597526088425
TRINITY_DN2968_c0_g1_i20 64.64 40.45 36.1393014848558 5.17549671636178
TRINITY_DN2973_c0_g2_i1 280.67 175.61 156.918591394717 7.29387247977358
TRINITY_DN2979_c1_g2_i5 213.03 133.28 119.102032724611 6.89605422578691
TRINITY_DN298_c1_g2_i2 160.35 100.33 89.6493965516186 6.48622196693899
TRINITY_DN29981_c0_g2_i2 108.02 67.58 60.3924403835724 5.91629606656197
TRINITY_DN2_c0_g9_i1 68.29 42.73 38.1799643935768 5.25474385218044
TRINITY_DN2_c4_g1_i3 67.25 42.07 37.5985152360234 5.23260378594133
TRINITY_DN3009_c0_g1_i4 1652.66 1034 923.978619925151 9.85171565907318
TRINITY_DN30237_c0_g6_i2 95.54 59.77 53.415050492932 5.73917439508125
TRINITY_DN3023_c2_g5_i1 131.88 82.51 73.732225863595 6.20422340528037
TRINITY_DN302_c7_g1_i1 392.57 245.61 219.480284404546 7.7779475401537
TRINITY_DN303_c2_g1_i3 230.15 144 128.673580395105 7.00757205572123
TRINITY_DN30476_c0_g1_i1 74.35 46.52 41.568023907782 5.37740226054976
TRINITY_DN3052_c0_g1_i2 131.04 81.99 73.262593851725 6.19500487525099
TRINITY_DN3053_c0_g1_i5 74.73 46.76 41.7804764845803 5.38475704057197
TRINITY_DN30570_c0_g1_i3 105.26 65.86 58.8493637731423 5.87895491310275
TRINITY_DN30626_c0_g1_i4 154.27 96.52 86.250155322845 6.43045514973274
TRINITY_DN3066_c1_g1_i1 70.49 44.11 39.4099529960935 5.30048812367437
TRINITY_DN3069_c0_g1_i8 79.46 49.72 44.4249519799914 5.47329831169808
TRINITY_DN3071_c2_g1_i1 60.19 37.66 33.6513699934015 5.07259333501131
TRINITY_DN30861_c0_g1_i3 460.64 288.2 257.537249937871 8.00863730717342
TRINITY_DN3091_c0_g2_i1 65.89 41.23 36.8381586453767 5.20312904503606
TRINITY_DN3097_c0_g2_i3 153.97 96.33 86.08242960432 6.4276468922131
TRINITY_DN3098_c0_g3_i3 427.67 267.58 239.104193471972 7.90149562240965
TRINITY_DN3098_c0_g3_i4 65.69 41.1 36.7263414996933 5.19874328382025
TRINITY_DN3098_c0_g3_i5 505.67 316.38 282.712880288475 8.14319380306408
TRINITY_DN3099_c0_g1_i11 273.3 170.99 152.798129576285 7.25548307302055
TRINITY_DN3099_c0_g1_i8 110.84 69.35 61.9690621377076 5.9534762290914
TRINITY_DN309_c0_g1_i1 72.31 45.24 40.4274890218119 5.33726469453264
TRINITY_DN30_c10_g1_i2 1301.05 814.01 727.398486956554 9.50660211465741
TRINITY_DN30_c10_g1_i5 71.7 44.86 40.0864467274777 5.32504263719925
TRINITY_DN31056_c1_g1_i1 86.9 54.37 48.5845497994116 5.60242569531174
TRINITY_DN3111_c1_g2_i4 141.41 88.48 79.0603128554062 6.30488175905134
TRINITY_DN3112_c1_g1_i3 203.75 127.48 113.913717164904 6.83179767250315
TRINITY_DN3113_c5_g1_i2 181.67 113.66 101.569104281463 6.66631781355362
TRINITY_DN3116_c4_g1_i1 911.08 570.03 509.371825445891 8.99257535273662
TRINITY_DN31451_c0_g1_i3 321.86 201.37 179.947332548201 7.49143090638576
TRINITY_DN3145_c1_g5_i1 73.61 46.05 41.1543004687536 5.36297128958704
TRINITY_DN31460_c0_g1_i2 166.11 103.93 92.8697303472988 6.53713654086153
TRINITY_DN316_c6_g1_i2 413.83 258.92 231.366446990685 7.85403584821332
TRINITY_DN3178_c0_g1_i2 522.46 326.88 292.099929668592 8.19031820057178
TRINITY_DN3186_c1_g1_i1 85.25 53.34 47.6620583475241 5.57476935240888
TRINITY_DN318_c0_g4_i4 77 48.17 43.0496010880863 5.42792796407961
TRINITY_DN3191_c1_g2_i1 60.53 37.87 33.8414591410631 5.08071986932018
TRINITY_DN31_c0_g1_i2 2404.03 1504.11 1344.05886368561 10.3923806076654
TRINITY_DN320_c1_g2_i1 153.14 95.81 85.6183884497342 6.41984877558153
TRINITY_DN32140_c3_g1_i1 63.17 39.52 35.3174454640832 5.14230909049039
TRINITY_DN321_c0_g2_i2 223.11 139.59 124.737616867051 6.96275279113902
TRINITY_DN323_c0_g1_i8 81.17 50.79 45.3809885755839 5.50401613178563
TRINITY_DN3241_c0_g3_i1 2319.01 1450.91 1296.52539505562 10.340434749212
TRINITY_DN3255_c0_g1_i3 105.33 65.9 58.8884997741315 5.87991401521189
TRINITY_DN32609_c0_g1_i3 157.08 98.28 87.821186219696 6.45649711627638
TRINITY_DN3270_c0_g1_i2 96.21 60.19 53.7896379309712 5.74925637277278
TRINITY_DN3270_c0_g1_i8 125.92 78.78 70.4000749222315 6.13750505911747
TRINITY_DN3271_c1_g2_i1 94.07 58.86 52.5931944721594 5.71680422260874
TRINITY_DN3276_c0_g1_i2 99.43 62.21 55.589893976473 5.79675072540394
TRINITY_DN3276_c0_g1_i6 66.78 41.78 37.3357449436675 5.2224856116731
TRINITY_DN32793_c0_g1_i2 67.09 41.98 37.5090615194767 5.22916726196207
TRINITY_DN3283_c0_g1_i1 70.88 44.34 39.627996430176 5.308448122165
TRINITY_DN3286_c0_g1_i1 267.37 167.28 149.482751206774 7.22383521142809
TRINITY_DN33089_c0_g1_i6 77.1 48.24 43.1055096609279 5.42980037841238
TRINITY_DN330_c0_g1_i11 155.27 97.15 86.8092410512618 6.43977672406852
TRINITY_DN330_c0_g1_i12 1950.14 1220.13 1090.29544241455 10.0905034064092
TRINITY_DN330_c0_g1_i6 116.83 73.1 65.3179856509236 6.02940839503018
TRINITY_DN330_c0_g1_i9 1178.11 737.1 658.664487505004 9.36339995778013
TRINITY_DN33115_c1_g1_i1 99.46 62.23 55.6066665483254 5.79718594941274
TRINITY_DN33295_c1_g1_i1 99.07 61.98 55.3886231142429 5.79151777039991
TRINITY_DN3338_c0_g1_i2 74.32 46.5 41.5512513359295 5.37682001999263
TRINITY_DN33641_c0_g2_i1 173 108.24 96.7218310160899 6.59576965102143
TRINITY_DN33642_c0_g1_i2 60.66 37.95 33.9141402857573 5.08381501623415
TRINITY_DN3398_c0_g1_i3 84.39 52.8 47.1812446210857 5.56014157164584
TRINITY_DN339_c0_g3_i2 98.83 61.83 55.2544425394229 5.78801855888341
TRINITY_DN33_c0_g1_i3 91.45 57.21 51.1283898637076 5.67605268824606
TRINITY_DN3405_c0_g1_i2 121.42 75.97 67.8841891443563 6.08500369146073
TRINITY_DN341_c1_g1_i4 259.57 162.4 145.121882525124 7.18112126555565
TRINITY_DN3429_c0_g1_i1 104.84 65.6 58.6145477672073 5.8731868719384
TRINITY_DN34448_c0_g1_i1 246.26 154.08 137.680451479898 7.10517992313955
TRINITY_DN3447_c0_g1_i2 1131.3 707.81 632.493684557818 9.30490726436016
TRINITY_DN3447_c0_g1_i9 177.36 110.97 99.1594447919868 6.63167828847729
TRINITY_DN3452_c1_g1_i3 222.6 139.27 124.452483145558 6.9594512058393
TRINITY_DN3470_c1_g1_i2 110.56 69.17 61.8125181337509 5.94982713399824
TRINITY_DN34895_c0_g1_i2 1771.75 1108.52 990.560139322297 9.95210075708353
TRINITY_DN3495_c1_g5_i1 62.4 39.04 34.8869494532024 5.12461554735959
TRINITY_DN3499_c0_g1_i6 76.21 47.68 42.6079233626371 5.41304983362638
TRINITY_DN35002_c0_g1_i1 197.78 123.75 110.575975366256 6.78889415776173
TRINITY_DN3547_c0_g1_i2 129.11 80.78 72.1835583958808 6.17359835967352
TRINITY_DN354_c10_g3_i1 98.19 61.43 54.8966276732362 5.7786456213759
TRINITY_DN3556_c0_g1_i4 78.59 49.17 43.9385473962688 5.45741527009142
TRINITY_DN355_c0_g1_i8 101.14 63.28 56.5459305720655 5.82135129673726
TRINITY_DN3563_c0_g1_i1 74.45 46.58 41.6239324806237 5.37934136707944
TRINITY_DN357_c0_g1_i1 60.12 37.62 33.6122339924123 5.07091452752635
TRINITY_DN3580_c0_g2_i1 141.79 88.71 79.2727654322046 6.30875340060893
TRINITY_DN3582_c1_g1_i6 62.76 39.26 35.0882203154324 5.13291487057808
TRINITY_DN3591_c0_g1_i16 207.92 130.09 116.245104652401 6.86102615208218
TRINITY_DN35_c0_g2_i1 66.07 41.34 36.9387940764917 5.20706486298725
TRINITY_DN36186_c0_g1_i6 190.7 119.31 106.617648409066 6.7363024568101
TRINITY_DN3618_c0_g1_i3 89.23 55.83 49.8872195466226 5.64059835817872
TRINITY_DN361_c0_g1_i12 105.14 65.78 58.7822734857323 5.87730925318186
TRINITY_DN3625_c1_g1_i9 123.53 77.29 69.0638600313155 6.10985906464788
TRINITY_DN3626_c1_g3_i1 63.16 39.52 35.3118546067991 5.14208068947022
TRINITY_DN36334_c2_g1_i1 2663.78 1666.62 1489.28138164185 10.5404006440538
TRINITY_DN36408_c1_g1_i1 126.86 79.37 70.9256155069432 6.14823486044285
TRINITY_DN36477_c0_g1_i1 76.37 47.78 42.6973770791837 5.41607554199119
TRINITY_DN36485_c0_g1_i1 191.74 119.97 107.199097566619 6.74414895059239
TRINITY_DN3655_c0_g1_i1 91.75 57.4 51.2961155822327 5.68077767622792
TRINITY_DN3655_c0_g2_i2 83.72 52.38 46.8066571830465 5.54864182986569
TRINITY_DN3655_c1_g1_i2 62.17 38.9 34.7583597356665 5.11928809714743
TRINITY_DN36599_c0_g1_i2 1987.42 1243.45 1111.13815836993 10.1178224965313
TRINITY_DN36599_c0_g1_i4 1202.18 752.16 672.121680987994 9.39257863210365
TRINITY_DN3678_c1_g1_i2 64.67 40.46 36.1560740567083 5.17616612865786
TRINITY_DN36876_c0_g1_i1 63.22 39.56 35.3453997505041 5.14345055351448
TRINITY_DN368_c0_g1_i1 77.03 48.2 43.0663736599388 5.42848994358716
TRINITY_DN369_c0_g1_i2 113.29 70.88 63.3388221723285 5.98501813462574
TRINITY_DN3714_c0_g1_i2 87.45 54.72 48.8920469500408 5.611527902419
TRINITY_DN371_c0_g1_i2 71.33 44.63 39.8795850079635 5.3175784918334
TRINITY_DN3735_c1_g1_i1 10317.75 6455.42 5768.50677437146 12.4939821983317
TRINITY_DN37397_c0_g3_i2 87.21 54.56 48.7578663752208 5.60756309046737
TRINITY_DN3743_c1_g2_i2 60.17 37.65 33.6401882788331 5.07211387503983
TRINITY_DN37516_c0_g1_i4 67.37 42.15 37.6656055234334 5.23517581759726
TRINITY_DN375_c0_g1_i1 379.7 237.56 212.284851079823 7.72985761211643
TRINITY_DN37745_c0_g1_i1 132.8 83.09 74.2465847337384 6.21425275984427
TRINITY_DN3781_c0_g1_i1 196.39 122.87 109.798846203757 6.77871908396424
TRINITY_DN3783_c1_g1_i1 111.49 69.76 62.3324678611784 5.96191192781267
TRINITY_DN3787_c6_g1_i3 77.49 48.48 43.3235530950104 5.43707966244914
TRINITY_DN38188_c0_g1_i1 78.98 49.42 44.1565908303513 5.46455688607033
TRINITY_DN38188_c0_g1_i3 221.65 138.68 123.921351703563 6.95328097566261
TRINITY_DN3835_c1_g3_i1 215.94 135.1 120.728972194303 6.91562812125586
TRINITY_DN38372_c0_g1_i11 75.65 47.33 42.2948353547237 5.40240960071408
TRINITY_DN38372_c0_g1_i8 77.56 48.53 43.3626890959996 5.43838232171677
TRINITY_DN3837_c1_g1_i1 61.37 38.4 34.3110911529332 5.10060310174749
TRINITY_DN3846_c0_g2_i1 27832.05 17413.44 15560.5019475801 13.9256009787942
TRINITY_DN3846_c0_g4_i1 17134.11 10720.15 9579.43637012194 13.2257250585827
TRINITY_DN3866_c0_g1_i8 71.93 45 40.2150364450136 5.32966312237687
TRINITY_DN38696_c0_g1_i2 202.58 126.74 113.259586862656 6.82348936219931
TRINITY_DN3887_c0_g1_i1 107.32 67.14 60.0010803736807 5.9069165728705
TRINITY_DN388_c1_g1_i1 735.15 459.95 411.01187324554 8.68303626062826
TRINITY_DN388_c1_g1_i6 482.54 301.9 269.781227390197 8.07564615224426
TRINITY_DN3890_c0_g3_i1 106.42 66.59 59.4979032181057 5.89476692179294
TRINITY_DN38947_c0_g1_i5 594.67 372.06 332.471510117562 8.3770869094168
TRINITY_DN38961_c0_g1_i3 69.55 43.51 38.8844124113818 5.28112003303958
TRINITY_DN3899_c1_g1_i4 195.14 122.09 109.099989043236 6.76950714654834
TRINITY_DN3919_c1_g1_i1 117.77 73.68 65.8435262356353 6.04096969593301
TRINITY_DN3929_c2_g1_i1 105.89 66.25 59.2015877820449 5.88756396423084
TRINITY_DN3936_c0_g2_i10 851.53 532.77 476.078270318677 8.89505497111822
TRINITY_DN3936_c0_g2_i11 563.9 352.81 315.26844225418 8.30043695611071
TRINITY_DN3947_c0_g1_i4 252.37 157.9 141.096465280524 7.14053803606472
TRINITY_DN3954_c0_g1_i2 177.65 111.15 99.3215796532276 6.63403530182857
TRINITY_DN39565_c0_g1_i2 104.37 65.3 58.3517774748515 5.86670469795103
TRINITY_DN395_c1_g2_i6 62.9 39.36 35.1664923174107 5.13612953537663
TRINITY_DN395_c4_g1_i1 73.35 45.89 41.0089381793653 5.35786648417073
TRINITY_DN3964_c0_g1_i14 61.6 38.54 34.439680870469 5.10599986919224
TRINITY_DN3976_c0_g3_i2 91.36 57.16 51.0780721481501 5.67463216897282
TRINITY_DN397_c4_g1_i1 73.47 45.97 41.0760284667753 5.36022479289511
TRINITY_DN3993_c0_g3_i1 136.8 85.59 76.4829276474052 6.25706584338324
TRINITY_DN3995_c0_g2_i3 124.06 77.62 69.3601754673764 6.11603564318173
TRINITY_DN39_c7_g1_i3 105.35 65.91 58.8996814886998 5.88018792731465
TRINITY_DN40080_c0_g1_i2 97.13 60.77 54.3039968011145 5.76298647989574
TRINITY_DN40080_c0_g1_i3 1566.17 979.89 875.62329527439 9.77416652657976
TRINITY_DN400_c0_g4_i2 84.07 52.6 47.0023371879924 5.55466059137322
TRINITY_DN40298_c0_g1_i1 96.2 60.19 53.784047073687 5.74910641226738
TRINITY_DN4032_c0_g1_i15 150.07 93.89 83.9019952634949 6.39063321452173
TRINITY_DN4032_c0_g1_i2 107.15 67.04 59.9060357998499 5.90462946317389
TRINITY_DN4032_c0_g1_i22 133.69 83.64 74.7441710320293 6.22388916916689
TRINITY_DN4032_c0_g1_i7 172.99 108.23 96.7162401588057 6.59568625583421
TRINITY_DN4043_c0_g3_i1 96.55 60.41 53.9797270786328 5.75434577744799
TRINITY_DN4076_c6_g1_i5 4660.48 2915.88 2605.60785557148 11.3474042590545
TRINITY_DN4076_c6_g2_i1 5161.11 3229.11 2885.50294378874 11.4946070875088
TRINITY_DN4089_c0_g1_i1 2067.43 1293.51 1155.87060750055 10.1747641908351
TRINITY_DN4089_c0_g1_i8 295.5 184.88 165.209832747136 7.36815574356224
TRINITY_DN4090_c0_g3_i6 123.19 77.07 68.8737708836538 6.10588276256927
TRINITY_DN4118_c1_g1_i1 139.44 87.24 77.9589139704253 6.28464208773567
TRINITY_DN412_c1_g1_i4 73.4 45.93 41.0368924657861 5.35884958134056
TRINITY_DN412_c4_g1_i2 135.51 84.78 75.7617070577477 6.24339693276865
TRINITY_DN41379_c0_g1_i7 102.45 64.1 57.2783328762914 5.83991759750859
TRINITY_DN4138_c1_g1_i1 103.92 65.02 58.100188897064 5.86047094905786
TRINITY_DN4141_c3_g1_i1 1040.52 651.01 581.73988213215 9.18423040365681
TRINITY_DN4149_c0_g1_i10 73.72 46.12 41.2157998988795 5.36512558924069
TRINITY_DN4149_c0_g1_i6 221.17 138.38 123.652990553923 6.95015332157812
TRINITY_DN4153_c16_g1_i1 596.42 373.16 333.449910142291 8.38132625008499
TRINITY_DN4155_c0_g1_i2 462.75 289.53 258.71692082483 8.01523060325528
TRINITY_DN4157_c0_g2_i12 104.93 65.65 58.6648654827648 5.87442482361544
TRINITY_DN4157_c0_g2_i13 115.68 72.37 64.6750370632444 6.0151370705611
TRINITY_DN4158_c2_g1_i1 66.15 41.39 36.983520934765 5.20881067477602
TRINITY_DN41644_c0_g1_i2 59.54 37.25 33.2879642699306 5.05692873984802
TRINITY_DN4174_c0_g1_i4 187.4 117.25 104.77266550529 6.71111856615653
TRINITY_DN41875_c0_g1_i2 60.35 37.76 33.7408237099481 5.07642328925236
TRINITY_DN4196_c0_g1_i5 92 57.56 51.4358870143368 5.68470337944172
TRINITY_DN42081_c0_g1_i2 75.92 47.5 42.4457885013962 5.40754951063109
TRINITY_DN4255_c0_g1_i3 295.58 184.93 165.25455960541 7.36854626803938
TRINITY_DN4255_c0_g1_i9 672.59 420.82 376.035470075791 8.55472494233963
TRINITY_DN4256_c0_g1_i1 110.81 69.33 61.952289565855 5.95308569580477
TRINITY_DN42778_c0_g1_i1 201.12 125.84 112.443321699168 6.81305416803049
TRINITY_DN42778_c0_g1_i2 59.99 37.54 33.5395528477181 5.06779154978009
TRINITY_DN4289_c0_g1_i18 108.33 67.78 60.5657569593816 5.92043043927978
TRINITY_DN428_c1_g1_i1 97.02 60.7 54.2424973709887 5.7613516978048
TRINITY_DN428_c1_g1_i2 67.22 42.06 37.5817426641709 5.23196006091798
TRINITY_DN4295_c0_g1_i1 67.89 42.47 37.9563301022101 5.24626860359803
TRINITY_DN4296_c0_g1_i3 62.94 39.38 35.1888557465474 5.1370466969084
TRINITY_DN43010_c0_g1_i4 67.28 42.09 37.6152878078759 5.23324722386513
TRINITY_DN43014_c0_g2_i5 136.67 85.51 76.410246502711 6.25569420942381
TRINITY_DN4325_c1_g2_i1 67.35 42.14 37.6544238088651 5.23474746395965
TRINITY_DN432_c10_g1_i1 1296.24 811.01 724.709284602869 9.50125856728313
TRINITY_DN432_c2_g2_i10 224.47 140.44 125.497973457698 6.97152025748754
TRINITY_DN4340_c7_g1_i2 371.4 232.37 207.644439533964 7.69797142843276
TRINITY_DN43877_c0_g1_i6 286.69 179.37 160.284287479785 7.32448919614031
TRINITY_DN43978_c0_g1_i1 458.49 286.86 256.335215621775 8.00188788109592
TRINITY_DN440_c1_g1_i3 187.21 117.13 104.666439216891 6.70965511306519
TRINITY_DN4410_c0_g1_i1 302.4 189.2 169.067524273211 7.40145575271842
TRINITY_DN4414_c0_g1_i5 680.64 425.85 380.536110189546 8.57188955157065
TRINITY_DN4420_c2_g1_i1 143.48 89.77 80.2176203132288 6.32584726356751
TRINITY_DN442_c0_g1_i2 271.28 169.73 151.668776404884 7.24478030263541
TRINITY_DN442_c0_g1_i5 61.36 38.39 34.305500295649 5.10036800111291
TRINITY_DN442_c0_g1_i6 217.76 136.24 121.746508220022 6.92773658511398
TRINITY_DN442_c0_g1_i8 100.07 62.61 55.9477088426596 5.80600714639263
TRINITY_DN442_c0_g1_i9 201.73 126.21 112.784363993502 6.81742326147739
TRINITY_DN4440_c0_g1_i2 222.9 139.46 124.620208864083 6.9613942297571
TRINITY_DN4443_c0_g1_i17 219.83 137.54 122.903815677844 6.94138589616106
TRINITY_DN444_c0_g1_i3 59.85 37.44 33.4612808457398 5.06442076544085
TRINITY_DN44514_c0_g1_i2 116.99 73.2 65.4074393674703 6.03138283042982
TRINITY_DN446_c1_g1_i1 343.07 214.65 191.805540847919 7.58350058707734
TRINITY_DN446_c1_g1_i2 279.75 175.03 156.404232524573 7.2891357443611
TRINITY_DN4472_c0_g1_i1 196.77 123.11 110.011298780555 6.78150789404793
TRINITY_DN44760_c0_g1_i1 75.09 46.98 41.9817473468104 5.39169031001947
TRINITY_DN4480_c1_g1_i1 83.16 52.03 46.4935691751332 5.53895927646835
TRINITY_DN4487_c0_g1_i9 73.59 46.04 41.1431187541853 5.36257925288874
TRINITY_DN4496_c1_g2_i2 279.5 174.87 156.264461092469 7.2878458962279
TRINITY_DN449_c0_g3_i1 61.49 38.47 34.3781814403432 5.10342132509047
TRINITY_DN4506_c1_g1_i1 406.92 254.6 227.503164607325 7.82974280335657
TRINITY_DN45136_c0_g1_i1 6528.52 4084.64 3650.00235968303 11.8336816813402
TRINITY_DN451_c2_g2_i1 390.72 244.46 218.445975806975 7.77113271859738
TRINITY_DN45263_c0_g2_i2 181.56 113.6 101.507604851337 6.66544400654787
TRINITY_DN45275_c0_g1_i1 431.18 269.77 241.066584378715 7.91328787434356
TRINITY_DN452_c0_g1_i10 650.1 406.74 363.4616320437 8.50565926731217
TRINITY_DN452_c0_g1_i2 399.29 249.82 223.237340499506 7.80243455407338
TRINITY_DN452_c0_g1_i3 460.1 287.87 257.235343644526 8.00694506960059
TRINITY_DN452_c0_g1_i4 5974.33 3737.91 3340.16263985177 11.7057026370605
TRINITY_DN452_c0_g1_i8 677.27 423.74 378.651991284782 8.56472870546237
TRINITY_DN452_c1_g1_i1 144.92 90.67 81.0227037621488 6.34025432406327
TRINITY_DN45357_c0_g1_i1 16651.28 10418.06 9309.49300787051 13.1844868858567
TRINITY_DN4536_c0_g1_i2 216.34 135.35 120.95260648567 6.91829804899279
TRINITY_DN45396_c0_g1_i8 174.33 109.07 97.4654150348841 6.60681847365555
TRINITY_DN45650_c2_g1_i1 96.41 60.32 53.9014550766545 5.75225231412746
TRINITY_DN4575_c1_g1_i1 477.36 298.66 266.885163316998 8.06007529516488
TRINITY_DN4578_c0_g1_i10 181.34 113.46 101.384605991085 6.66369480319776
TRINITY_DN4579_c0_g2_i2 192.91 120.69 107.853227868866 6.75292554439752
TRINITY_DN4579_c0_g3_i2 199.8 125.01 111.705328537658 6.80355419628976
TRINITY_DN45967_c0_g1_i3 2202.28 1377.88 1231.26331797754 10.2659236142473
TRINITY_DN4597_c0_g1_i4 113.6 71.08 63.5121387481377 5.98896044800203
TRINITY_DN4599_c0_g1_i2 75.38 47.16 42.1438822080512 5.39725131327434
TRINITY_DN4605_c0_g1_i2 92.4 57.81 51.6595213057035 5.6909623699134
TRINITY_DN4608_c0_g1_i1 104.06 65.11 58.1784608990423 5.86241322558667
TRINITY_DN4614_c0_g1_i4 161.57 101.09 90.331481140287 6.49715695933621
TRINITY_DN4614_c0_g1_i5 63.93 40 35.7423506176799 5.15956261211384
TRINITY_DN4614_c0_g1_i6 239.76 150.01 134.046394245189 7.06658860212355
TRINITY_DN4614_c0_g2_i1 94.24 58.96 52.6882390459903 5.71940905744044
TRINITY_DN4634_c2_g1_i1 115.43 72.22 64.5352656311402 6.01201583910505
TRINITY_DN463_c1_g1_i3 649.06 406.09 362.880182886146 8.50334946226426
TRINITY_DN46497_c1_g1_i1 70.1 43.86 39.191909562011 5.29248396250797
TRINITY_DN4651_c0_g1_i1 349.57 218.71 195.439598082627 7.61057899162395
TRINITY_DN4651_c0_g1_i2 252.46 157.96 141.146782996081 7.14105243717026
TRINITY_DN4651_c0_g2_i1 2109.01 1319.52 1179.11739208811 10.2034916438215
TRINITY_DN4656_c1_g1_i2 78.33 49.01 43.7931851068805 5.45263447664398
TRINITY_DN4657_c0_g1_i1 920.91 576.18 514.867638156227 9.0080577826159
TRINITY_DN4658_c1_g4_i1 70.63 44.19 39.4882249980718 5.30335061477394
TRINITY_DN4665_c0_g2_i7 164.24 102.76 91.8242400351596 6.52080314571858
TRINITY_DN4671_c0_g1_i13 62.7 39.23 35.0546751717274 5.13153496129938
TRINITY_DN4671_c0_g1_i5 88.52 55.38 49.4902686794467 5.62907296941099
TRINITY_DN4671_c0_g3_i1 190.88 119.43 106.718283840181 6.73766356130521
TRINITY_DN467_c0_g1_i7 716.03 447.99 400.322154118213 8.64501764749886
TRINITY_DN467_c1_g1_i2 309.27 193.5 172.908443227434 7.43386450817621
TRINITY_DN467_c1_g2_i2 100.98 63.18 56.4564768555188 5.81906719566109
TRINITY_DN4688_c0_g1_i1 238.88 149.46 133.554398804182 7.06128368374452
TRINITY_DN4688_c0_g1_i3 157.74 98.69 88.190182800451 6.46254616094918
TRINITY_DN4688_c0_g1_i4 81.69 51.11 45.6717131543606 5.51322900137493
TRINITY_DN4689_c1_g1_i1 78.11 48.87 43.6701862466288 5.44857677889114
TRINITY_DN46_c0_g1_i1 59.65 37.32 33.3494637000564 5.05959165619257
TRINITY_DN4707_c4_g1_i1 64.59 40.41 36.111347198435 5.17438033849837
TRINITY_DN4724_c0_g2_i3 657.46 411.35 367.576503004847 8.5219007363749
TRINITY_DN47317_c0_g1_i1 256 160.17 143.125946474676 7.1611414233847
TRINITY_DN4742_c0_g1_i2 207.39 129.76 115.94878921634 6.85734394463832
TRINITY_DN4748_c0_g1_i4 97.82 61.2 54.6897659537221 5.77319898294777
TRINITY_DN4757_c0_g1_i4 130.7 81.77 73.0725047040633 6.19125675429278
TRINITY_DN47869_c0_g1_i1 103.33 64.65 57.7703283172981 5.85225678863744
TRINITY_DN4801_c0_g1_i1 560.14 350.46 313.166279915333 8.29078506901319
TRINITY_DN4803_c0_g1_i1 127.38 79.7 71.2163400857198 6.15413639023651
TRINITY_DN4808_c0_g1_i2 420.7 263.22 235.207365944908 7.87778943126613
TRINITY_DN480_c0_g1_i1 87.53 54.77 48.9367738083142 5.61284708874101
TRINITY_DN4810_c0_g1_i3 153.48 96.02 85.8084775973958 6.42304828321277
TRINITY_DN4810_c0_g1_i6 89.63 56.08 50.1108538379892 5.64705121492063
TRINITY_DN4814_c4_g1_i2 70.48 44.09 39.4043621388093 5.30028344253039
TRINITY_DN4815_c1_g1_i4 80.02 50.06 44.7380399879047 5.48343014695558
TRINITY_DN4819_c0_g3_i2 75.97 47.53 42.4737427878171 5.40849933951581
TRINITY_DN4819_c1_g1_i5 69.1 43.23 38.6328238335943 5.2717552288856
TRINITY_DN4841_c0_g1_i4 68.86 43.08 38.4986432587743 5.2667356991799
TRINITY_DN4847_c0_g1_i8 74.22 46.44 41.4953427630878 5.37487751930751
TRINITY_DN4874_c0_g1_i6 67.46 42.2 37.7159232389909 5.23710183662811
TRINITY_DN487_c8_g1_i4 81.76 51.16 45.7108491553498 5.5144647145476
TRINITY_DN4895_c1_g1_i1 2906.99 1818.79 1625.25662165008 10.6664518166812
TRINITY_DN49382_c0_g2_i1 392.53 245.59 219.457920975409 7.77780053263444
TRINITY_DN4953_c0_g1_i5 134.17 83.94 75.0125321816693 6.22905973857533
TRINITY_DN49600_c0_g1_i5 90.24 56.46 50.4518961323234 5.65683658600877
TRINITY_DN4984_c0_g2_i3 128.46 80.37 71.8201526724099 6.16631681471665
TRINITY_DN4984_c0_g2_i5 193.14 120.84 107.981817586402 6.75464459580881
TRINITY_DN4986_c0_g1_i1 106.46 66.61 59.5202666472424 5.89530908453547
TRINITY_DN498_c0_g1_i6 68.34 42.76 38.2079186799976 5.25579976603925
TRINITY_DN498_c0_g1_i7 113.98 71.31 63.724591324936 5.99377831095157
TRINITY_DN498_c0_g1_i8 91.24 57.09 51.0109818607401 5.67273596492212
TRINITY_DN49911_c0_g1_i2 436.11 272.86 243.822877019809 7.92968968494791
TRINITY_DN49977_c0_g1_i1 192.65 120.53 107.707865579478 6.75097979915689
TRINITY_DN5000_c1_g1_i4 309.75 193.8 173.176804377074 7.43610189552531
TRINITY_DN5000_c1_g1_i6 456.96 285.9 255.479814457297 7.99706549763908
TRINITY_DN5002_c0_g1_i5 66.15 41.39 36.983520934765 5.20881067477602
TRINITY_DN5002_c0_g1_i8 133.85 83.74 74.8336247485759 6.22561475213812
TRINITY_DN5002_c0_g1_i9 216.73 135.6 121.170649919752 6.92089647981482
TRINITY_DN500_c0_g1_i4 83.94 52.52 46.9296560432982 5.55242798149589
TRINITY_DN500_c0_g2_i5 60.54 37.88 33.8470499983473 5.08095819343749
TRINITY_DN5011_c0_g2_i3 67.04 41.94 37.4811072330559 5.22809166730933
TRINITY_DN50241_c0_g1_i1 82.51 51.62 46.1301634516623 5.52763849915924
TRINITY_DN502_c0_g1_i4 9355.01 5853.06 5230.25258019556 12.3526649036767
TRINITY_DN502_c0_g1_i6 1443.59 903.2 807.090566685071 9.65658676262873
TRINITY_DN502_c1_g1_i9 87.59 54.8 48.9703189520192 5.6138356874829
TRINITY_DN50322_c0_g1_i1 82.62 51.69 46.1916628817881 5.5295605784661
TRINITY_DN50322_c0_g2_i2 113.85 71.23 63.6519101802418 5.99213190463397
TRINITY_DN5034_c0_g1_i1 83.48 52.23 46.6724766082265 5.54450011876982
TRINITY_DN5034_c0_g1_i8 702.47 439.51 392.740951640883 8.61743422742481
TRINITY_DN5038_c0_g1_i3 92.5 57.87 51.7154298785452 5.69252288390102
TRINITY_DN5047_c0_g2_i1 121.1 75.77 67.7052817112629 6.08119647819167
TRINITY_DN5047_c0_g2_i3 191.89 120.06 107.282960425881 6.74527714321112
TRINITY_DN506_c0_g1_i2 284.07 177.73 158.819482871333 7.31124409292151
TRINITY_DN506_c27_g2_i1 565.75 353.97 316.302750851751 8.3051622926516
TRINITY_DN50762_c0_g1_i2 583.87 365.31 326.433384250661 8.35064479864653
TRINITY_DN50762_c3_g1_i1 1232.36 771.04 688.99488827161 9.42834946923179
TRINITY_DN5106_c1_g2_i1 68.07 42.59 38.0569655333251 5.25008862800347
TRINITY_DN5114_c0_g3_i1 123.13 77.04 68.8402257399488 6.10517992313955
TRINITY_DN51200_c0_g1_i3 136.15 85.18 76.1195219239343 6.25019459554114
TRINITY_DN51220_c0_g1_i3 108.08 67.62 60.4259855272774 5.91709719293566
TRINITY_DN5129_c0_g1_i4 60.06 37.58 33.5786888487073 5.06947399316713
TRINITY_DN5131_c0_g1_i3 66.86 41.83 37.3804718019409 5.22421287322738
TRINITY_DN51458_c1_g1_i2 107.97 67.55 60.3644860971516 5.91562812125586
TRINITY_DN5154_c0_g1_i2 180.84 113.14 101.105063126877 6.65971143592896
TRINITY_DN5178_c0_g1_i1 205.61 128.64 114.953616619759 6.84490804597707
TRINITY_DN5188_c0_g1_i2 377.87 236.42 211.26172419682 7.72288759730569
TRINITY_DN5232_c0_g1_i6 171.46 107.28 95.8608389943282 6.58286966167148
TRINITY_DN5278_c0_g1_i2 145.72 91.17 81.4699723448822 6.34819651335276
TRINITY_DN52803_c0_g1_i4 105.79 66.19 59.1456792092032 5.88620087357682
TRINITY_DN5302_c1_g1_i12 351.43 219.87 196.479497537483 7.61823496615577
TRINITY_DN5302_c1_g1_i4 162.58 101.72 90.8961577259879 6.50614740639343
TRINITY_DN5304_c0_g2_i1 87.48 54.73 48.9088195218933 5.61202273865807
TRINITY_DN5304_c0_g3_i1 165.75 103.7 92.6684594850688 6.53400648349729
TRINITY_DN5310_c1_g2_i3 61.43 38.43 34.3446362966382 5.1020129015739
TRINITY_DN5360_c0_g2_i1 161.07 100.78 90.0519382760786 6.49268542389167
TRINITY_DN5366_c0_g1_i1 65.95 41.26 36.8717037890817 5.20444217774889
TRINITY_DN5369_c0_g1_i3 345.34 216.07 193.074665451425 7.59301506133689
TRINITY_DN5415_c0_g3_i3 189.34 118.46 105.857291818419 6.72597684039506
TRINITY_DN5439_c0_g1_i1 308.51 193.02 172.483538073838 7.43031486660735
TRINITY_DN54703_c0_g1_i2 411.2 257.27 229.896051524949 7.84483787769122
TRINITY_DN5487_c0_g1_i9 192.07 120.17 107.383595856996 6.74662981081391
TRINITY_DN55039_c0_g1_i1 5358.59 3352.66 2995.91119343647 11.5487791438767
TRINITY_DN55039_c0_g1_i2 230.47 144.2 128.852487828198 7.00957658217408
TRINITY_DN550_c0_g3_i1 60.04 37.57 33.5675071341389 5.06899349523067
TRINITY_DN550_c0_g6_i1 189.48 118.55 105.935563820397 6.72704319019137
TRINITY_DN5511_c0_g2_i2 65.72 41.12 36.7431140715458 5.19940199856006
TRINITY_DN5526_c0_g1_i1 66.5 41.6 37.1792009397109 5.21642385888589
TRINITY_DN5534_c0_g4_i2 819.67 512.84 458.26579901132 8.84004080924665
TRINITY_DN5534_c0_g4_i3 179.28 112.17 100.232889390547 6.64721216712037
TRINITY_DN55377_c8_g1_i2 2185.12 1367.15 1221.66940687791 10.2546382182766
TRINITY_DN5546_c0_g1_i1 62.28 38.97 34.8198591657924 5.12183846268902
TRINITY_DN5557_c5_g1_i1 60.41 37.8 33.7743688536531 5.07785690484654
TRINITY_DN5582_c0_g2_i1 355.71 222.56 198.872384455106 7.63569914630987
TRINITY_DN5604_c0_g4_i1 62.87 39.33 35.1497197455582 5.13544128138844
TRINITY_DN560_c0_g1_i1 97.03 60.71 54.2480882282729 5.76150039092947
TRINITY_DN5617_c0_g1_i2 71.08 44.47 39.7398135758594 5.31251319963866
TRINITY_DN5640_c0_g1_i7 131.23 82.11 73.3688201401242 6.19709517994251
TRINITY_DN5640_c0_g1_i8 127.65 79.87 71.3672932323924 6.15719115090446
TRINITY_DN5660_c1_g2_i1 1876.77 1174.22 1049.27532252062 10.0351775653594
TRINITY_DN5666_c0_g1_i3 1021.2 638.93 570.938345859139 9.15719115090446
TRINITY_DN5666_c0_g1_i4 85.94 53.77 48.0478275001316 5.58639929538392
TRINITY_DN5676_c0_g1_i1 86.86 54.35 48.562186370275 5.60176147106387
TRINITY_DN5690_c0_g1_i2 2385.92 1492.77 1333.93382114398 10.3814713782643
TRINITY_DN569_c2_g1_i1 318.23 199.11 177.917851354048 7.47506746017688
TRINITY_DN571_c10_g1_i1 147.43 92.24 82.4260089404748 6.36502773628573
TRINITY_DN5724_c0_g1_i1 240.22 150.3 134.303573680261 7.06935388368524
TRINITY_DN5740_c0_g1_i4 71.41 44.68 39.9243118662369 5.31919563650701
TRINITY_DN5752_c3_g1_i1 96.38 60.3 53.884682504802 5.75180331934997
TRINITY_DN575_c2_g1_i5 64.82 40.55 36.2399369159708 5.17950853892782
TRINITY_DN5774_c0_g2_i4 229.2 143.4 128.142448953109 7.00160465725425
TRINITY_DN5787_c0_g1_i1 963.29 602.69 538.561691326527 9.07296780227522
TRINITY_DN578_c0_g1_i1 204.26 127.8 114.198850886396 6.83540432358548
TRINITY_DN5829_c4_g1_i1 1444.84 903.98 807.789423845592 9.65783544714848
TRINITY_DN5838_c0_g1_i1 2672.57 1672.12 1494.19574519463 10.5451534435811
TRINITY_DN5838_c0_g1_i3 147.15 92.07 82.2694649365181 6.36228515543774
TRINITY_DN5850_c0_g1_i2 163.25 102.14 91.270745164027 6.51208060493114
TRINITY_DN5856_c0_g1_i1 1172.02 733.29 655.259655418946 9.35592289696619
TRINITY_DN5856_c0_g1_i4 363.53 227.44 203.244434851325 7.66707203938221
TRINITY_DN5856_c0_g1_i7 196.44 122.91 109.826800490177 6.77908634080529
TRINITY_DN5858_c0_g1_i2 267.68 167.48 149.656067782584 7.22550696364833
TRINITY_DN5876_c1_g2_i1 73.83 46.19 41.2772993290053 5.3672766767893
TRINITY_DN5883_c0_g1_i2 811.76 507.88 453.843430899544 8.8260508652135
TRINITY_DN59343_c0_g1_i4 150.54 94.19 84.1647655558507 6.39514448974031
TRINITY_DN5942_c2_g1_i2 93.26 58.35 52.1403350321419 5.70432794794988
TRINITY_DN5960_c0_g1_i3 337.23 210.99 188.540480193965 7.55873049738141
TRINITY_DN5964_c0_g1_i1 131.65 82.37 73.6036361460592 6.20170513454341
TRINITY_DN5964_c0_g1_i2 153.19 95.85 85.646342736155 6.42031973665414
TRINITY_DN5964_c0_g1_i6 81.5 50.99 45.5654868659614 5.50986957761578
TRINITY_DN59709_c0_g1_i4 9410.6 5887.85 5261.33215583824 12.3612124171248
TRINITY_DN59709_c0_g1_i5 400.04 250.29 223.656654795819 7.80514187545052
TRINITY_DN59731_c0_g1_i2 77.76 48.65 43.474506241683 5.44209773721576
TRINITY_DN59796_c1_g1_i2 114.18 71.44 63.8364084706193 5.99630758060516
TRINITY_DN597_c0_g1_i8 236.38 147.9 132.156684483141 7.04610558809348
TRINITY_DN598_c0_g1_i1 87.9 54.99 49.1436355278283 5.61893268364075
TRINITY_DN598_c0_g1_i10 92.01 57.57 51.441477871621 5.68486018559816
TRINITY_DN59932_c2_g1_i1 1146.6 717.38 641.047696202594 9.32428789219596
TRINITY_DN5_c3_g3_i2 401.79 251.38 224.635054820548 7.81143927098389
TRINITY_DN5_c6_g1_i1 149.54 93.56 83.605679827434 6.38552905131462
TRINITY_DN6028_c0_g1_i14 113.86 71.24 63.657501037526 5.99225861800113
TRINITY_DN60571_c0_g1_i1 136.96 85.69 76.5723813639519 6.25875222001113
TRINITY_DN606_c1_g1_i1 623.77 390.27 348.740904814488 8.44601178162655
TRINITY_DN60851_c0_g1_i1 68.8 43.04 38.4650981150693 5.26547808319944
TRINITY_DN6088_c0_g1_i1 136.76 85.57 76.4605642182685 6.25664394104338
TRINITY_DN6093_c0_g1_i1 617.76 386.51 345.380799586704 8.43204407255184
TRINITY_DN612_c1_g1_i19 85.37 53.41 47.7291486349341 5.57679869754371
TRINITY_DN6132_c10_g1_i4 6782.1 4243.3 3791.77531869493 11.8886577646662
TRINITY_DN6141_c0_g1_i1 289.87 181.36 162.06218009615 7.34040364303746
TRINITY_DN617_c1_g1_i12 64.74 40.5 36.1952100576975 5.17772688381915
TRINITY_DN617_c1_g1_i19 83.13 52.01 46.4767966032807 5.53843872981255
TRINITY_DN617_c1_g1_i22 80.02 50.07 44.7380399879047 5.48343014695558
TRINITY_DN617_c1_g1_i4 63.56 39.77 35.5354888981658 5.1511886429585
TRINITY_DN617_c1_g1_i6 117.4 73.45 65.6366645161211 6.0364300216074
TRINITY_DN6180_c0_g1_i1 71.93 45 40.2150364450136 5.32966312237687
TRINITY_DN618_c7_g1_i1 68.29 42.73 38.1799643935768 5.25474385218044
TRINITY_DN62016_c0_g1_i3 646.17 404.29 361.264425131022 8.49691138472229
TRINITY_DN62083_c1_g1_i2 95.59 59.8 53.4430047793528 5.73992921906168
TRINITY_DN6210_c0_g1_i3 64.83 40.56 36.245527773255 5.17973109119064
TRINITY_DN6210_c0_g1_i4 78.32 49 43.7875942495963 5.45245028321368
TRINITY_DN6215_c0_g1_i7 119.92 75.03 67.0455605517312 6.06706990155784
TRINITY_DN6238_c0_g1_i2 62.56 39.14 34.976403169749 5.12831003091733
TRINITY_DN6250_c0_g5_i1 177.67 111.16 99.3327613677959 6.63419771261798
TRINITY_DN6270_c1_g1_i2 64.17 40.15 35.8765311924999 5.16496850149618
TRINITY_DN62851_c2_g1_i3 85.54 53.52 47.8241932087649 5.57966872548631
TRINITY_DN6289_c0_g1_i1 112.8 70.58 63.0648701654043 5.97876468089614
TRINITY_DN63104_c2_g1_i1 1066.44 667.23 596.231384212711 9.21972850716412
TRINITY_DN6329_c0_g1_i8 101.31 63.39 56.6409751458964 5.82377419833861
TRINITY_DN634_c4_g1_i4 99.51 62.26 55.6346208347463 5.79791103111916
TRINITY_DN63532_c0_g2_i1 61.18 38.28 34.204864864534 5.09612962516818
TRINITY_DN6354_c0_g2_i2 518.09 324.15 289.656725035411 8.17820035059873
TRINITY_DN6361_c0_g1_i2 101.74 63.65 56.8813820091155 5.82988461247261
TRINITY_DN6364_c0_g1_i1 351.43 219.87 196.479497537483 7.61823496615577
TRINITY_DN6371_c0_g1_i2 494.87 309.62 276.674754421575 8.11204719898309
TRINITY_DN637_c0_g1_i1 67.07 41.97 37.4978798049084 5.22873712032475
TRINITY_DN6392_c1_g1_i4 71.91 44.99 40.2038547304452 5.32926192798027
TRINITY_DN6393_c0_g1_i1 67.26 42.08 37.6041060933076 5.23281829713656
TRINITY_DN6429_c0_g2_i1 260.14 162.76 145.440561390322 7.18428586313136
TRINITY_DN642_c0_g1_i1 379.05 237.16 211.921445356352 7.72738577816327
TRINITY_DN644_c0_g4_i2 393.65 246.29 220.084096991236 7.7819110913841
TRINITY_DN6461_c0_g1_i2 294.82 184.45 164.829654451813 7.36483201046249
TRINITY_DN6465_c0_g3_i2 61.98 38.78 34.6521334472674 5.1148722731962
TRINITY_DN64676_c0_g1_i1 331.48 207.39 185.325737255569 7.53391944044674
TRINITY_DN648_c0_g2_i1 326.22 204.1 182.384946324097 7.51084284712924
TRINITY_DN648_c2_g1_i1 108.37 67.8 60.5881203885183 5.92096304474624
TRINITY_DN6495_c0_g1_i6 95.45 59.72 53.3647327773745 5.73781471590128
TRINITY_DN64973_c0_g1_i3 109.15 68.29 61.0242072566833 5.93130974348813
TRINITY_DN6505_c0_g1_i2 3168.24 1982.25 1771.31776819894 10.7906073344034
TRINITY_DN6521_c0_g3_i2 492.19 307.94 275.176404669418 8.10421295950291
TRINITY_DN6541_c0_g1_i1 60.64 37.94 33.902958571189 5.08333927178107
TRINITY_DN6555_c0_g1_i1 62.2 38.92 34.775132307519 5.11998409862795
TRINITY_DN6557_c2_g1_i3 116.72 73.03 65.2564862207978 6.02804940152787
TRINITY_DN65_c1_g3_i2 68.99 43.16 38.5713244034685 5.26945677877242
TRINITY_DN6619_c1_g1_i1 468.49 293.11 261.926072905942 8.03301586679762
TRINITY_DN6619_c1_g1_i12 80.76 50.53 45.1517634269331 5.49671042894145
TRINITY_DN6619_c1_g1_i5 1307.77 818.22 731.155543051514 9.51403454166827
TRINITY_DN6627_c0_g1_i3 1014.16 634.52 567.002382331085 9.14721098661775
TRINITY_DN6628_c5_g1_i1 142.45 89.13 79.6417620129596 6.31545323482119
TRINITY_DN6684_c1_g1_i4 88.39 55.3 49.4175875347525 5.62695267786078
TRINITY_DN6693_c0_g1_i1 285.9 178.88 159.842609754336 7.32050823312844
TRINITY_DN66_c0_g1_i2 67.8 42.42 37.9060123866526 5.24435479163369
TRINITY_DN6702_c0_g1_i6 114.41 71.58 63.9649981881552 5.99921076947064
TRINITY_DN6725_c0_g1_i1 76.43 47.82 42.7309222228887 5.41720854862604
TRINITY_DN6747_c0_g2_i3 260.3 162.86 145.530015106868 7.18517292490146
TRINITY_DN6748_c2_g1_i2 824.77 516.03 461.117136226246 8.84898947055221
TRINITY_DN6796_c0_g7_i3 74.92 46.88 41.8867027729795 5.38842041785303
TRINITY_DN6818_c0_g1_i1 143.51 89.79 80.2343928850813 6.32614888279733
TRINITY_DN6821_c0_g1_i6 114.72 71.78 64.1383147639644 6.00311454231189
TRINITY_DN6825_c1_g2_i2 65.28 40.84 36.4971163510425 5.18971057558148
TRINITY_DN68493_c0_g1_i2 106.57 66.67 59.5817660773682 5.8967989823771
TRINITY_DN6870_c0_g2_i1 152.73 95.56 85.3891633010833 6.41598108459496
TRINITY_DN6958_c0_g1_i4 65.46 40.96 36.5977517821575 5.19368312065474
TRINITY_DN69665_c0_g1_i4 79.88 49.98 44.6597679859264 5.48090385105395
TRINITY_DN6970_c0_g1_i1 73.65 46.08 41.1766638978903 5.36375504353319
TRINITY_DN6_c3_g2_i1 765.04 478.66 427.722945667916 8.74053279402745
TRINITY_DN70028_c0_g1_i1 94.11 58.88 52.6155579012961 5.71741754817474
TRINITY_DN702_c0_g1_i5 412.07 257.82 230.382456108672 7.84788704783661
TRINITY_DN7032_c0_g2_i1 60.8 38.04 33.9924122877356 5.08714084194093
TRINITY_DN706_c0_g3_i1 151.81 94.98 84.8748044309399 6.40726443998154
TRINITY_DN707_c0_g3_i1 128.79 80.58 72.0046509627874 6.17001819177896
TRINITY_DN7089_c0_g1_i4 133.13 83.29 74.4310830241159 6.21783332320959
TRINITY_DN7089_c0_g2_i4 207.2 129.64 115.842562927941 6.8560216161839
TRINITY_DN7157_c0_g1_i1 96.27 60.23 53.8231830746762 5.75015580861294
TRINITY_DN7165_c2_g3_i2 59.58 37.27 33.3103276990673 5.05789764185951
TRINITY_DN7189_c0_g1_i3 190.16 118.97 106.315742115721 6.73221142155242
TRINITY_DN72103_c0_g2_i3 82.21 51.43 45.9624377331373 5.52238341184969
TRINITY_DN7229_c0_g1_i1 145.9 91.28 81.5706077759972 6.34997749641523
TRINITY_DN7238_c0_g1_i1 1032.15 645.78 577.060334585302 9.17257835761668
TRINITY_DN7238_c0_g1_i6 770.53 482.09 430.792326316923 8.75084874122806
TRINITY_DN72510_c0_g1_i1 388.4 243.01 217.148896917048 7.76254081391654
TRINITY_DN7281_c0_g1_i4 91.27 57.11 51.0277544325926 5.67321024963656
TRINITY_DN7281_c0_g1_i6 110.53 69.15 61.7957455618984 5.94943561152782
TRINITY_DN7286_c0_g1_i3 408.45 255.55 228.358565771803 7.83515709626229
TRINITY_DN729_c0_g6_i5 119.76 74.93 66.9561068351846 6.0651437396684
TRINITY_DN72_c0_g2_i3 69.57 43.53 38.8955941259501 5.28153483897714
TRINITY_DN7301_c0_g1_i1 61.01 38.17 34.1098202907032 5.09211524894761
TRINITY_DN7301_c0_g1_i2 1879.39 1175.86 1050.74012712907 10.0371901854928
TRINITY_DN7301_c0_g1_i3 667.05 417.35 372.938135140363 8.54279251857001
TRINITY_DN73424_c0_g1_i1 131.33 82.17 73.4247287129658 6.19819412502984
TRINITY_DN73424_c0_g1_i2 538.61 336.99 301.129164182521 8.23423862877042
TRINITY_DN73437_c1_g1_i1 71.03 44.44 39.7118592894385 5.31149800359305
TRINITY_DN7363_c0_g1_i5 66.56 41.65 37.2127460834159 5.21772495175107
TRINITY_DN737_c0_g1_i1 127.91 80.03 71.5126555217807 6.1601266716436
TRINITY_DN737_c0_g1_i3 108.94 68.16 60.9067992537158 5.92853138545042
TRINITY_DN7401_c0_g1_i1 144 90.1 80.5083448920055 6.33106642482702
TRINITY_DN74042_c0_g1_i1 3900.85 2440.61 2180.9095636943 11.090714231296
TRINITY_DN7420_c0_g1_i13 177.1 110.8 99.0140825025984 6.62956182524926
TRINITY_DN7420_c0_g1_i4 127.75 79.93 71.423201805234 6.15832090432233
TRINITY_DN7420_c0_g3_i1 156.51 97.92 87.5025073544984 6.45125245235888
TRINITY_DN7524_c0_g1_i3 142.64 89.25 79.7479883013587 6.31737622123498
TRINITY_DN7528_c0_g3_i3 113.71 71.14 63.5736381782635 5.99035674791743
TRINITY_DN7544_c0_g1_i2 101.49 63.5 56.7416105770114 5.82633519612513
TRINITY_DN75489_c0_g3_i1 67.25 42.07 37.5985152360234 5.23260378594133
TRINITY_DN75505_c0_g1_i2 142.43 89.11 79.6305802983913 6.31525066601422
TRINITY_DN755_c1_g1_i3 134.67 84.25 75.2920750458776 6.23442611524668
TRINITY_DN755_c2_g1_i2 151.32 94.67 84.6008524240158 6.40260029465936
TRINITY_DN755_c3_g1_i1 1001.76 626.76 560.069719298718 9.12946261949097
TRINITY_DN755_c3_g1_i2 558.32 349.32 312.148743889615 8.28608985006578
TRINITY_DN7596_c0_g2_i2 253.39 158.53 141.666732723509 7.14635720300878
TRINITY_DN760_c0_g1_i4 86.99 54.43 48.6348675149691 5.60391908268622
TRINITY_DN760_c1_g2_i3 216.2 135.27 120.874334483692 6.91736413623199
TRINITY_DN7610_c0_g1_i7 943.63 590.39 527.570065905855 9.04321889880254
TRINITY_DN7617_c2_g1_i4 66.72 41.74 37.3021997999625 5.22118880705464
TRINITY_DN761_c0_g2_i1 60.66 37.95 33.9141402857573 5.08381501623415
TRINITY_DN7688_c0_g1_i6 257.88 161.34 144.1770276441 7.17169750175892
TRINITY_DN7688_c0_g1_i8 117.53 73.53 65.7093456608153 6.03802667060461
TRINITY_DN768_c0_g1_i12 224.51 140.47 125.520336886834 6.97177731928
TRINITY_DN768_c0_g1_i7 125.87 78.75 70.3721206358106 6.13693208359824
TRINITY_DN7704_c0_g2_i2 64.23 40.19 35.9100763362049 5.16631681471665
TRINITY_DN7713_c0_g2_i1 84.87 53.1 47.4496057707257 5.56832419572739
TRINITY_DN772_c0_g2_i4 267.91 167.62 149.784657500119 7.22674604533321
TRINITY_DN773_c2_g2_i7 91.65 57.34 51.240207009391 5.67920439903723
TRINITY_DN77442_c0_g1_i1 509.84 318.99 285.044267775973 8.15504217902213
TRINITY_DN7746_c0_g1_i2 76.71 47.99 42.8874662268454 5.42248417957279
TRINITY_DN7752_c2_g1_i1 68.86 43.08 38.4986432587743 5.2667356991799
TRINITY_DN77784_c0_g1_i3 286.28 179.11 160.055062331134 7.32242449792672
TRINITY_DN7807_c0_g2_i1 261.8 163.8 146.368643699493 7.19346271044258
TRINITY_DN7817_c0_g1_i4 70.14 43.89 39.2142729911477 5.29330694886279
TRINITY_DN782_c0_g2_i2 61.64 38.56 34.4620442996057 5.10693638012477
TRINITY_DN782_c1_g1_i2 268.02 167.69 149.846156930245 7.22733827363439
TRINITY_DN78517_c0_g1_i4 806.27 504.45 450.774050250537 8.81626065592277
TRINITY_DN78517_c0_g1_i5 553.21 346.12 309.291815817405 8.27282484849819
TRINITY_DN7861_c2_g1_i1 66.19 41.42 37.0058843639017 5.20968278907847
TRINITY_DN7874_c0_g1_i3 214.19 134.01 119.750572169574 6.9038887389657
TRINITY_DN7879_c0_g1_i3 66.26 41.46 37.0450203648909 5.211207721691
TRINITY_DN788_c0_g1_i10 191.49 119.81 107.059326134515 6.74226666678692
TRINITY_DN788_c0_g1_i2 88.08 55.11 49.2442709589434 5.62188398717435
TRINITY_DN788_c2_g1_i3 452.93 283.38 253.226698971778 7.98428571319624
TRINITY_DN788_c2_g1_i6 120.77 75.56 67.5207834208854 6.07725973813373
TRINITY_DN79033_c0_g1_i1 326.56 204.32 182.575035471759 7.5123457006427
TRINITY_DN790_c0_g1_i8 68.81 43.05 38.4706889723535 5.26568776200817
TRINITY_DN7913_c0_g1_i2 77.04 48.2 43.0719645172229 5.42867722145344
TRINITY_DN7981_c0_g1_i14 96.94 60.65 54.1977705127154 5.76016160077638
TRINITY_DN7981_c0_g1_i15 186.01 116.38 103.995536342791 6.70037779665726
TRINITY_DN7981_c0_g1_i9 369.95 231.47 206.83376522776 7.69232791193763
TRINITY_DN7_c1_g1_i6 75.84 47.45 42.4010616431229 5.40602848250824
TRINITY_DN80221_c0_g1_i1 63.09 39.47 35.2727186058099 5.14048086906292
TRINITY_DN8038_c2_g1_i2 126.16 78.93 70.5342554970515 6.14025217840049
TRINITY_DN8038_c2_g1_i5 612.02 382.92 342.171647505592 8.41857641220376
TRINITY_DN8051_c0_g1_i4 110.37 69.05 61.7062918453517 5.94734569530411
TRINITY_DN80628_c0_g1_i1 114.83 71.85 64.1998141940902 6.00449721681979
TRINITY_DN80628_c0_g2_i2 265.45 166.08 148.409306608214 7.21343775462107
TRINITY_DN8095_c0_g1_i1 108.84 68.1 60.8508906808741 5.92720647485966
TRINITY_DN810_c2_g1_i6 794.86 497.31 444.394882089302 8.79569839167972
TRINITY_DN811_c0_g2_i2 70.56 44.15 39.4490889970827 5.3019200791675
TRINITY_DN8130_c0_g2_i1 83.04 51.96 46.4264788877232 5.53687596196786
TRINITY_DN81784_c0_g1_i1 73.49 45.98 41.0872101813436 5.36061746982756
TRINITY_DN81784_c0_g1_i4 247.14 154.63 138.172446920904 7.11032614519939
TRINITY_DN817_c1_g1_i3 106.82 66.83 59.7215375094724 5.90017940250211
TRINITY_DN8188_c2_g1_i1 142.26 89 79.5355357245604 6.31352768181314
TRINITY_DN8208_c0_g1_i2 79.02 49.44 44.178954259488 5.46528736458765
TRINITY_DN8231_c0_g1_i4 216.89 135.7 121.260103636299 6.92196115034209
TRINITY_DN8254_c0_g1_i20 680.51 425.77 380.463429044852 8.57161397524786
TRINITY_DN82609_c3_g1_i1 208.58 130.5 116.614101233156 6.86559844271355
TRINITY_DN827_c1_g5_i1 194.72 121.83 108.865173037301 6.76639868632371
TRINITY_DN8315_c0_g2_i5 60.88 38.09 34.037139146009 5.08903787711353
TRINITY_DN8320_c0_g2_i2 63.55 39.76 35.5298980408816 5.1509616435023
TRINITY_DN8331_c0_g2_i4 76.57 47.91 42.8091942248671 5.41984877558153
TRINITY_DN834_c0_g1_i1 993.4 621.53 555.395762609154 9.11737235993458
TRINITY_DN834_c0_g1_i5 511.99 320.34 286.246302092069 8.16111324547201
TRINITY_DN834_c0_g1_i7 103041.68 64469.18 57609.132720081 15.8140099183967
TRINITY_DN834_c270_g1_i1 56588.98 35405.53 31638.0911036583 14.9493749364283
TRINITY_DN8386_c0_g1_i1 106.22 66.46 59.3860860724224 5.89205304770281
TRINITY_DN83883_c0_g1_i1 1080.86 676.25 604.293400416479 9.2391053759983
TRINITY_DN8427_c0_g1_i1 1587.19 993.04 887.37527728571 9.79340054929509
TRINITY_DN8427_c0_g1_i2 1184.8 741.28 662.404771028112 9.37156925378619
TRINITY_DN842_c0_g3_i1 86.31 54 48.2546892196458 5.59259724007042
TRINITY_DN8440_c0_g2_i1 66.19 41.41 37.0058843639017 5.20968278907847
TRINITY_DN84611_c1_g1_i1 1008.75 631.13 563.977728540351 9.13949438154985
TRINITY_DN848_c0_g2_i2 67.38 42.16 37.6711963807176 5.23538994673174
TRINITY_DN84960_c0_g1_i3 92.24 57.71 51.5700675891568 5.68846203126175
TRINITY_DN8535_c0_g1_i6 129.94 81.3 72.6475995504666 6.1828432234564
TRINITY_DN8572_c0_g1_i8 91.07 56.98 50.9159372869093 5.67004540238538
TRINITY_DN8572_c0_g3_i1 106.17 66.43 59.3581317860015 5.89137378075637
TRINITY_DN858_c0_g1_i2 67.1 41.98 37.5146523767609 5.22938228469753
TRINITY_DN8600_c0_g1_i6 61.84 38.69 34.573861445289 5.11160983753483
TRINITY_DN8616_c4_g1_i1 124.81 78.09 69.7794897636889 6.12473114329258
TRINITY_DN863_c0_g2_i2 279.97 175.17 156.527231384825 7.29026985757964
TRINITY_DN8646_c1_g1_i2 364.36 227.96 203.708476005911 7.67036219971667
TRINITY_DN869_c0_g1_i2 689.75 431.55 385.629381175422 8.59107116473798
TRINITY_DN8719_c0_g1_i2 604.37 378.13 337.894641683204 8.40042966227004
TRINITY_DN8719_c0_g1_i7 374.98 234.61 209.645966441696 7.71181126298053
TRINITY_DN8727_c0_g4_i5 92.43 57.83 51.676293877556 5.69143070137049
TRINITY_DN8744_c0_g1_i1 268.46 167.97 150.092154650749 7.22970475872358
TRINITY_DN875_c1_g1_i24 192.87 120.67 107.83086443973 6.75262636972884
TRINITY_DN875_c9_g1_i1 154.2 96.48 86.2110193218559 6.42980037841238
TRINITY_DN8799_c1_g1_i4 669.22 418.71 374.151351171027 8.547478174898
TRINITY_DN8824_c0_g1_i6 204.06 127.67 114.087033740713 6.83399102503898
TRINITY_DN8878_c0_g1_i12 109.19 68.31 61.04657068582 5.93183834843712
TRINITY_DN8902_c0_g1_i1 73.01 45.68 40.8188490317036 5.35116359818735
TRINITY_DN8938_c0_g1_i2 75.88 47.47 42.4234250722595 5.40678919702146
TRINITY_DN8938_c0_g2_i2 99.22 62.08 55.4724859735054 5.79370047550266
TRINITY_DN894_c17_g1_i2 160.26 100.27 89.5990788360611 6.48541199496625
TRINITY_DN894_c17_g1_i3 303.1 189.64 169.458884283103 7.40479146528167
TRINITY_DN894_c17_g1_i5 69.55 43.51 38.8844124113818 5.28112003303958
TRINITY_DN894_c17_g1_i9 118.05 73.86 66.000070239592 6.04439565472599
TRINITY_DN894_c1_g3_i5 74.49 46.61 41.6462959097603 5.38011628050798
TRINITY_DN895_c4_g1_i1 79.06 49.46 44.2013176886247 5.46601747342959
TRINITY_DN9008_c0_g2_i2 69.33 43.38 38.7614135511301 5.27654927879877
TRINITY_DN9019_c0_g1_i7 135.16 84.57 75.5660270528018 6.23966586877378
TRINITY_DN9047_c0_g1_i4 149.72 93.68 83.706315258549 6.38726456650994
TRINITY_DN9073_c0_g1_i2 137.78 86.2 77.0308316612536 6.26736409630383
TRINITY_DN9114_c0_g2_i7 83.11 52 46.4656148887123 5.53809159433425
TRINITY_DN9171_c0_g2_i2 61.4 38.42 34.3278637247857 5.10130817386752
TRINITY_DN9171_c0_g2_i6 77.07 48.22 43.0887370890754 5.42923890923195
TRINITY_DN9177_c0_g1_i5 68.16 42.65 38.1072832488826 5.25199485383582
TRINITY_DN91795_c0_g1_i1 5376.98 3364.17 3006.19277998205 11.5537218134793
TRINITY_DN917_c0_g1_i9 305.03 190.85 170.537919738947 7.41394875328676
TRINITY_DN9189_c0_g2_i2 521.68 326.39 291.663842800426 8.18816273800696
TRINITY_DN92010_c0_g1_i4 189.11 118.32 105.728702100883 6.72422326713435
TRINITY_DN9204_c0_g1_i2 149.29 93.41 83.4659083953298 6.38311514478337
TRINITY_DN9225_c2_g1_i1 792.09 495.58 442.846214621588 8.79066197676838
TRINITY_DN9225_c4_g1_i1 120.05 75.11 67.1182416964254 6.06863301672776
TRINITY_DN9320_c0_g1_i2 907.73 567.93 507.498888255695 8.98726085165923
TRINITY_DN93255_c1_g1_i1 136.43 85.36 76.276065927891 6.25315853092548
TRINITY_DN9327_c0_g1_i1 87.94 55.02 49.165998956965 5.61958905082263
TRINITY_DN9373_c1_g1_i4 213.49 133.57 119.359212159682 6.89916610788441
TRINITY_DN9412_c0_g2_i3 131.39 82.2 73.4582738566708 6.19885309049846
TRINITY_DN9428_c0_g1_i1 67.12 41.99 37.5258340913292 5.2298122340498
TRINITY_DN942_c0_g1_i3 69.78 43.66 39.0130021289177 5.28588311580436
TRINITY_DN942_c0_g1_i4 162.17 101.47 90.666932577337 6.50250457171421
TRINITY_DN9432_c2_g1_i2 375.98 235.23 210.205052170113 7.71565353392342
TRINITY_DN945_c1_g1_i3 131.69 82.39 73.6259995751958 6.20214341055221
TRINITY_DN9500_c0_g1_i6 75.9 47.49 42.4346067868279 5.40716940391281
TRINITY_DN9509_c0_g1_i1 111.01 69.45 62.0641067115384 5.95568725640675
TRINITY_DN95341_c0_g1_i6 622.86 389.7 348.232136801629 8.44390553884337
TRINITY_DN9560_c0_g1_i1 69.54 43.51 38.8788215540976 5.28091258533761
TRINITY_DN956_c0_g1_i7 2737.65 1712.84 1530.58104439999 10.5798637223779
TRINITY_DN959_c1_g1_i1 644.85 403.46 360.526431969512 8.4939612242018
TRINITY_DN95_c1_g1_i10 1179.63 738.05 659.514297812197 9.36526012621767
TRINITY_DN95_c1_g1_i11 162.76 101.83 90.9967931571029 6.50774379868369
TRINITY_DN95_c1_g1_i2 160.83 100.62 89.9177577012586 6.49053415409378
TRINITY_DN95_c1_g1_i8 72.71 45.49 40.6511233131786 5.34522331375497
TRINITY_DN95_c1_g1_i9 181.19 113.36 101.300743131823 6.66250094741489
TRINITY_DN960_c0_g1_i1 60.36 37.77 33.7464145672323 5.07666232413666
TRINITY_DN9646_c1_g1_i1 1092.98 683.84 611.06951944489 9.25519271000372
TRINITY_DN9646_c1_g1_i2 118.2 73.95 66.0839330988545 6.04622764867488
TRINITY_DN965_c0_g3_i7 63.04 39.44 35.2447643193891 5.13933705306636
TRINITY_DN9685_c0_g1_i1 70.36 44.02 39.3372718513993 5.29782500108194
TRINITY_DN969_c0_g2_i4 173.47 108.53 96.9846013084458 6.59968379703779
TRINITY_DN96_c0_g1_i13 139.28 87.14 77.8694602538786 6.28298572126108
TRINITY_DN970_c1_g1_i3 105.41 65.95 58.9332266324048 5.88100935172907
TRINITY_DN9714_c0_g1_i4 60.4 37.79 33.768777996369 5.07761806782242
TRINITY_DN97299_c0_g1_i8 60.45 37.82 33.7967322827898 5.07881185774647
TRINITY_DN9735_c0_g4_i1 115.35 72.17 64.4905387728669 6.01101561718033
TRINITY_DN9754_c0_g1_i4 580.9 363.45 324.772899637264 8.34328744301792
TRINITY_DN975_c0_g1_i4 73.78 46.16 41.2493450425845 5.3662993073048
TRINITY_DN9776_c0_g1_i3 60.9 38.1 34.0483208605773 5.08951174640367
TRINITY_DN978_c0_g3_i3 225.7 141.21 126.18564890365 6.97940403168918
TRINITY_DN978_c0_g3_i4 218.09 136.45 121.931006510399 6.92992123329325
TRINITY_DN98081_c0_g3_i1 92.88 58.11 51.9278824553435 5.69843749047555
TRINITY_DN98160_c0_g1_i1 61.74 38.63 34.5179528724474 5.10927500122511
TRINITY_DN982_c0_g4_i3 242.47 151.7 135.561516569198 7.08280387168141
TRINITY_DN983_c2_g1_i2 186.15 116.47 104.07380834477 6.70146322934886
TRINITY_DN983_c3_g2_i1 240.52 150.48 134.471299398786 7.07115447680605
TRINITY_DN984_c0_g1_i6 84.32 52.76 47.1421086200965 5.5589443852472
TRINITY_DN9862_c1_g4_i1 299.17 187.18 167.261677370426 7.38596312588097
TRINITY_DN9862_c1_g5_i2 361.84 226.39 202.2995799703 7.66034951424139
TRINITY_DN990_c2_g1_i3 965.12 603.84 539.58481820953 9.07570594687864
TRINITY_DN9925_c0_g1_i2 815.03 509.93 455.671641231467 8.8318507768647
TRINITY_DN995_c0_g1_i1 321.46 201.13 179.723698256834 7.48963684405062
TRINITY_DN995_c0_g1_i2 183.43 114.77 102.553095163476 6.68022722434834
TRINITY_DN995_c0_g1_i3 122.72 76.78 68.611000591298 6.10036800111291
TRINITY_DN997_c0_g1_i1 62.39 39.03 34.8813585959182 5.12438432770353
TRINITY_DN9993_c0_g3_i5 169.21 105.87 94.6028961053906 6.56381244476208
TRINITY_DN9994_c0_g2_i3 177.18 110.86 99.0588093608717 6.63021337546509
TRINITY_DN9_c0_g3_i7 65.4 40.92 36.5642066384525 5.19236015399543
