transcript_id TPM FPKM fold.change log2.FC
TRINITY_DN100415_c0_g1_i2 0.05 0.03 0.0279542864208352 -5.16078667150266
TRINITY_DN100442_c0_g1_i1 0.03 0.02 0.0167725718525011 -5.89775226566886
TRINITY_DN10075_c0_g1_i19 0.01 0.01 0.00559085728416705 -7.48271476639002
TRINITY_DN10075_c0_g1_i29 0.02 0.01 0.0111817145683341 -6.48271476639002
TRINITY_DN101785_c0_g1_i1 0.05 0.03 0.0279542864208352 -5.16078667150266
TRINITY_DN10192_c0_g1_i3 0.04 0.03 0.0223634291366682 -5.48271476639002
TRINITY_DN10193_c0_g1_i2 0.05 0.03 0.0279542864208352 -5.16078667150266
TRINITY_DN101968_c0_g2_i1 0.05 0.03 0.0279542864208352 -5.16078667150266
TRINITY_DN10215_c0_g1_i1 0.04 0.03 0.0223634291366682 -5.48271476639002
TRINITY_DN102215_c0_g1_i1 0.05 0.03 0.0279542864208352 -5.16078667150266
TRINITY_DN102252_c0_g2_i1 0.05 0.03 0.0279542864208352 -5.16078667150266
TRINITY_DN10264_c0_g2_i11 0.03 0.02 0.0167725718525011 -5.89775226566886
TRINITY_DN102_c3_g1_i18 0.01 0 0.00559085728416705 -7.48271476639002
TRINITY_DN103851_c0_g1_i1 0.04 0.03 0.0223634291366682 -5.48271476639002
TRINITY_DN10386_c0_g1_i2 0.04 0.03 0.0223634291366682 -5.48271476639002
TRINITY_DN104327_c0_g1_i1 0.04 0.02 0.0223634291366682 -5.48271476639002
TRINITY_DN10463_c0_g3_i1 0.05 0.03 0.0279542864208352 -5.16078667150266
TRINITY_DN10466_c0_g1_i6 0.05 0.03 0.0279542864208352 -5.16078667150266
TRINITY_DN10500_c2_g1_i2 0.03 0.02 0.0167725718525011 -5.89775226566886
TRINITY_DN105231_c0_g3_i2 0.04 0.03 0.0223634291366682 -5.48271476639002
TRINITY_DN105269_c0_g1_i1 0.05 0.03 0.0279542864208352 -5.16078667150266
TRINITY_DN10565_c1_g1_i2 0.04 0.03 0.0223634291366682 -5.48271476639002
TRINITY_DN106612_c0_g1_i1 0.05 0.03 0.0279542864208352 -5.16078667150266
TRINITY_DN10664_c0_g1_i6 0.01 0 0.00559085728416705 -7.48271476639002
TRINITY_DN106656_c0_g1_i18 0.05 0.03 0.0279542864208352 -5.16078667150266
TRINITY_DN107381_c0_g1_i1 0.03 0.02 0.0167725718525011 -5.89775226566886
TRINITY_DN10753_c0_g1_i8 0.05 0.03 0.0279542864208352 -5.16078667150266
TRINITY_DN1076_c0_g1_i1 0.03 0.02 0.0167725718525011 -5.89775226566886
TRINITY_DN107701_c0_g1_i2 0.04 0.02 0.0223634291366682 -5.48271476639002
TRINITY_DN107919_c0_g1_i1 0.02 0.01 0.0111817145683341 -6.48271476639002
TRINITY_DN107919_c0_g1_i11 0.05 0.03 0.0279542864208352 -5.16078667150266
TRINITY_DN108480_c0_g1_i1 0.05 0.03 0.0279542864208352 -5.16078667150266
TRINITY_DN108572_c0_g1_i1 0.05 0.03 0.0279542864208352 -5.16078667150266
TRINITY_DN108597_c0_g1_i1 0.05 0.03 0.0279542864208352 -5.16078667150266
TRINITY_DN108799_c0_g1_i1 0.05 0.03 0.0279542864208352 -5.16078667150266
TRINITY_DN10893_c0_g3_i1 0.03 0.02 0.0167725718525011 -5.89775226566886
TRINITY_DN109413_c0_g1_i1 0.05 0.03 0.0279542864208352 -5.16078667150266
TRINITY_DN10970_c0_g1_i14 0.03 0.02 0.0167725718525011 -5.89775226566886
TRINITY_DN10987_c0_g4_i4 0.04 0.03 0.0223634291366682 -5.48271476639002
TRINITY_DN110347_c0_g1_i1 0.05 0.03 0.0279542864208352 -5.16078667150266
TRINITY_DN1104_c1_g1_i8 0.05 0.03 0.0279542864208352 -5.16078667150266
TRINITY_DN11063_c0_g1_i2 0.04 0.03 0.0223634291366682 -5.48271476639002
TRINITY_DN11096_c0_g2_i4 0.03 0.02 0.0167725718525011 -5.89775226566886
TRINITY_DN110986_c0_g2_i1 0.05 0.03 0.0279542864208352 -5.16078667150266
TRINITY_DN110_c0_g1_i9 0.04 0.03 0.0223634291366682 -5.48271476639002
TRINITY_DN11107_c0_g1_i11 0.01 0 0.00559085728416705 -7.48271476639002
TRINITY_DN11107_c0_g1_i2 0.03 0.02 0.0167725718525011 -5.89775226566886
TRINITY_DN1110_c0_g1_i3 0.05 0.03 0.0279542864208352 -5.16078667150266
TRINITY_DN111442_c0_g1_i2 0.05 0.03 0.0279542864208352 -5.16078667150266
TRINITY_DN11169_c0_g1_i13 0.05 0.03 0.0279542864208352 -5.16078667150266
TRINITY_DN11169_c0_g1_i3 0.02 0.01 0.0111817145683341 -6.48271476639002
TRINITY_DN111877_c0_g1_i1 0.04 0.02 0.0223634291366682 -5.48271476639002
TRINITY_DN11215_c0_g2_i1 0.04 0.03 0.0223634291366682 -5.48271476639002
TRINITY_DN11233_c0_g2_i1 0.05 0.03 0.0279542864208352 -5.16078667150266
TRINITY_DN11318_c2_g1_i1 0.04 0.03 0.0223634291366682 -5.48271476639002
TRINITY_DN113941_c0_g2_i1 0.05 0.03 0.0279542864208352 -5.16078667150266
TRINITY_DN113950_c0_g1_i2 0.05 0.03 0.0279542864208352 -5.16078667150266
TRINITY_DN114037_c1_g2_i1 0.05 0.03 0.0279542864208352 -5.16078667150266
TRINITY_DN11456_c0_g1_i8 0.05 0.03 0.0279542864208352 -5.16078667150266
TRINITY_DN11476_c0_g2_i1 0.05 0.03 0.0279542864208352 -5.16078667150266
TRINITY_DN11560_c0_g1_i13 0.03 0.02 0.0167725718525011 -5.89775226566886
TRINITY_DN115_c0_g1_i1 0.01 0 0.00559085728416705 -7.48271476639002
TRINITY_DN115_c0_g1_i4 0.01 0.01 0.00559085728416705 -7.48271476639002
TRINITY_DN115_c0_g1_i5 0.05 0.03 0.0279542864208352 -5.16078667150266
TRINITY_DN11634_c0_g1_i6 0.04 0.02 0.0223634291366682 -5.48271476639002
TRINITY_DN11639_c0_g1_i9 0.05 0.03 0.0279542864208352 -5.16078667150266
TRINITY_DN11645_c0_g1_i5 0.05 0.03 0.0279542864208352 -5.16078667150266
TRINITY_DN11648_c0_g1_i6 0.04 0.03 0.0223634291366682 -5.48271476639002
TRINITY_DN11659_c0_g1_i10 0.03 0.02 0.0167725718525011 -5.89775226566886
TRINITY_DN117859_c0_g3_i1 0.02 0.01 0.0111817145683341 -6.48271476639002
TRINITY_DN11785_c0_g2_i7 0.04 0.03 0.0223634291366682 -5.48271476639002
TRINITY_DN117878_c0_g1_i3 0.05 0.03 0.0279542864208352 -5.16078667150266
TRINITY_DN11832_c0_g1_i2 0.02 0.02 0.0111817145683341 -6.48271476639002
TRINITY_DN11871_c0_g1_i6 0.02 0.01 0.0111817145683341 -6.48271476639002
TRINITY_DN11895_c2_g2_i1 0.04 0.03 0.0223634291366682 -5.48271476639002
TRINITY_DN119107_c0_g1_i1 0.05 0.03 0.0279542864208352 -5.16078667150266
TRINITY_DN119175_c0_g3_i1 0.05 0.03 0.0279542864208352 -5.16078667150266
TRINITY_DN11927_c0_g1_i19 0.01 0.01 0.00559085728416705 -7.48271476639002
TRINITY_DN11927_c0_g1_i2 0.02 0.01 0.0111817145683341 -6.48271476639002
TRINITY_DN11967_c0_g1_i1 0.04 0.02 0.0223634291366682 -5.48271476639002
TRINITY_DN12002_c0_g1_i10 0.04 0.03 0.0223634291366682 -5.48271476639002
TRINITY_DN12002_c1_g2_i1 0.04 0.03 0.0223634291366682 -5.48271476639002
TRINITY_DN1200_c0_g1_i28 0.03 0.02 0.0167725718525011 -5.89775226566886
TRINITY_DN120333_c0_g3_i1 0.04 0.03 0.0223634291366682 -5.48271476639002
TRINITY_DN1203_c0_g1_i7 0.03 0.02 0.0167725718525011 -5.89775226566886
TRINITY_DN12085_c0_g1_i11 0.04 0.02 0.0223634291366682 -5.48271476639002
TRINITY_DN12085_c0_g1_i12 0.03 0.02 0.0167725718525011 -5.89775226566886
TRINITY_DN121133_c0_g1_i1 0.03 0.02 0.0167725718525011 -5.89775226566886
TRINITY_DN1216_c0_g1_i7 0.04 0.02 0.0223634291366682 -5.48271476639002
TRINITY_DN12225_c0_g1_i12 0.05 0.03 0.0279542864208352 -5.16078667150266
TRINITY_DN12236_c0_g1_i1 0.02 0.01 0.0111817145683341 -6.48271476639002
TRINITY_DN122971_c0_g2_i1 0.05 0.03 0.0279542864208352 -5.16078667150266
TRINITY_DN12319_c0_g1_i3 0.02 0.01 0.0111817145683341 -6.48271476639002
TRINITY_DN12334_c0_g1_i12 0.03 0.02 0.0167725718525011 -5.89775226566886
TRINITY_DN1233_c0_g1_i4 0.02 0.01 0.0111817145683341 -6.48271476639002
TRINITY_DN125344_c0_g1_i8 0.05 0.03 0.0279542864208352 -5.16078667150266
TRINITY_DN126167_c0_g1_i1 0.04 0.03 0.0223634291366682 -5.48271476639002
TRINITY_DN12640_c0_g1_i1 0.03 0.02 0.0167725718525011 -5.89775226566886
TRINITY_DN12698_c0_g1_i6 0.04 0.03 0.0223634291366682 -5.48271476639002
TRINITY_DN12714_c0_g4_i3 0.05 0.03 0.0279542864208352 -5.16078667150266
TRINITY_DN127460_c0_g1_i3 0.03 0.02 0.0167725718525011 -5.89775226566886
TRINITY_DN1278_c0_g2_i8 0.05 0.03 0.0279542864208352 -5.16078667150266
TRINITY_DN12840_c0_g1_i9 0.05 0.03 0.0279542864208352 -5.16078667150266
TRINITY_DN12848_c0_g1_i12 0.04 0.02 0.0223634291366682 -5.48271476639002
TRINITY_DN12864_c0_g1_i1 0.03 0.02 0.0167725718525011 -5.89775226566886
TRINITY_DN128825_c0_g1_i6 0.04 0.02 0.0223634291366682 -5.48271476639002
TRINITY_DN12882_c0_g1_i2 0.05 0.03 0.0279542864208352 -5.16078667150266
TRINITY_DN12934_c0_g1_i15 0.03 0.02 0.0167725718525011 -5.89775226566886
TRINITY_DN12934_c0_g1_i22 0.05 0.03 0.0279542864208352 -5.16078667150266
TRINITY_DN12985_c0_g1_i12 0.05 0.03 0.0279542864208352 -5.16078667150266
TRINITY_DN130244_c0_g1_i2 0.05 0.03 0.0279542864208352 -5.16078667150266
TRINITY_DN13059_c3_g2_i1 0.05 0.03 0.0279542864208352 -5.16078667150266
TRINITY_DN13067_c0_g1_i1 0.04 0.02 0.0223634291366682 -5.48271476639002
TRINITY_DN13089_c0_g1_i8 0.05 0.03 0.0279542864208352 -5.16078667150266
TRINITY_DN13092_c0_g1_i7 0.05 0.03 0.0279542864208352 -5.16078667150266
TRINITY_DN13101_c0_g1_i10 0.05 0.03 0.0279542864208352 -5.16078667150266
TRINITY_DN13168_c0_g1_i5 0.02 0.01 0.0111817145683341 -6.48271476639002
TRINITY_DN131738_c0_g1_i3 0.05 0.03 0.0279542864208352 -5.16078667150266
TRINITY_DN13198_c0_g1_i1 0.03 0.02 0.0167725718525011 -5.89775226566886
TRINITY_DN13212_c0_g1_i11 0.03 0.02 0.0167725718525011 -5.89775226566886
TRINITY_DN1321_c0_g1_i3 0.03 0.02 0.0167725718525011 -5.89775226566886
TRINITY_DN132363_c0_g1_i2 0.05 0.03 0.0279542864208352 -5.16078667150266
TRINITY_DN13247_c0_g1_i6 0.01 0.01 0.00559085728416705 -7.48271476639002
TRINITY_DN13247_c0_g1_i8 0.02 0.01 0.0111817145683341 -6.48271476639002
TRINITY_DN1326_c0_g1_i15 0.04 0.02 0.0223634291366682 -5.48271476639002
TRINITY_DN13300_c0_g1_i1 0.04 0.02 0.0223634291366682 -5.48271476639002
TRINITY_DN13300_c0_g4_i1 0.05 0.03 0.0279542864208352 -5.16078667150266
TRINITY_DN13314_c0_g1_i2 0.05 0.03 0.0279542864208352 -5.16078667150266
TRINITY_DN13317_c1_g1_i5 0.05 0.03 0.0279542864208352 -5.16078667150266
TRINITY_DN13321_c0_g2_i1 0.03 0.02 0.0167725718525011 -5.89775226566886
TRINITY_DN13329_c0_g1_i11 0.04 0.02 0.0223634291366682 -5.48271476639002
TRINITY_DN13366_c0_g1_i10 0.05 0.03 0.0279542864208352 -5.16078667150266
TRINITY_DN133742_c0_g1_i1 0.05 0.03 0.0279542864208352 -5.16078667150266
TRINITY_DN133_c1_g2_i3 0.03 0.02 0.0167725718525011 -5.89775226566886
TRINITY_DN13427_c0_g1_i17 0.03 0.02 0.0167725718525011 -5.89775226566886
TRINITY_DN13427_c0_g1_i18 0.05 0.03 0.0279542864208352 -5.16078667150266
TRINITY_DN1344_c0_g5_i1 0.02 0.01 0.0111817145683341 -6.48271476639002
TRINITY_DN1346_c0_g1_i1 0.02 0.01 0.0111817145683341 -6.48271476639002
TRINITY_DN13473_c1_g2_i1 0.05 0.03 0.0279542864208352 -5.16078667150266
TRINITY_DN134964_c1_g1_i1 0.04 0.03 0.0223634291366682 -5.48271476639002
TRINITY_DN13515_c0_g1_i18 0.05 0.03 0.0279542864208352 -5.16078667150266
TRINITY_DN135238_c0_g1_i2 0.03 0.02 0.0167725718525011 -5.89775226566886
TRINITY_DN13524_c1_g1_i1 0.04 0.03 0.0223634291366682 -5.48271476639002
TRINITY_DN13539_c0_g2_i5 0.03 0.02 0.0167725718525011 -5.89775226566886
TRINITY_DN13607_c0_g2_i5 0.03 0.02 0.0167725718525011 -5.89775226566886
TRINITY_DN13625_c2_g1_i1 0.03 0.02 0.0167725718525011 -5.89775226566886
TRINITY_DN137040_c0_g1_i1 0.03 0.02 0.0167725718525011 -5.89775226566886
TRINITY_DN137083_c2_g1_i1 0.04 0.03 0.0223634291366682 -5.48271476639002
TRINITY_DN1379_c0_g1_i4 0.04 0.02 0.0223634291366682 -5.48271476639002
TRINITY_DN138241_c0_g2_i1 0.04 0.03 0.0223634291366682 -5.48271476639002
TRINITY_DN13846_c0_g1_i13 0.04 0.02 0.0223634291366682 -5.48271476639002
TRINITY_DN13846_c0_g1_i2 0.03 0.02 0.0167725718525011 -5.89775226566886
TRINITY_DN139246_c0_g1_i2 0.01 0.01 0.00559085728416705 -7.48271476639002
TRINITY_DN1403_c0_g2_i11 0.01 0.01 0.00559085728416705 -7.48271476639002
TRINITY_DN14108_c0_g2_i1 0.04 0.03 0.0223634291366682 -5.48271476639002
TRINITY_DN14154_c0_g1_i9 0.05 0.03 0.0279542864208352 -5.16078667150266
TRINITY_DN141684_c0_g1_i1 0.05 0.03 0.0279542864208352 -5.16078667150266
TRINITY_DN14172_c0_g1_i1 0.04 0.03 0.0223634291366682 -5.48271476639002
TRINITY_DN141733_c0_g1_i2 0.05 0.03 0.0279542864208352 -5.16078667150266
TRINITY_DN141831_c0_g1_i6 0.05 0.03 0.0279542864208352 -5.16078667150266
TRINITY_DN14212_c0_g1_i5 0.05 0.03 0.0279542864208352 -5.16078667150266
TRINITY_DN14212_c1_g1_i1 0.05 0.03 0.0279542864208352 -5.16078667150266
TRINITY_DN14219_c0_g3_i7 0.03 0.02 0.0167725718525011 -5.89775226566886
TRINITY_DN142790_c1_g1_i1 0.03 0.02 0.0167725718525011 -5.89775226566886
TRINITY_DN14284_c0_g1_i11 0.05 0.03 0.0279542864208352 -5.16078667150266
TRINITY_DN14334_c0_g1_i8 0.05 0.03 0.0279542864208352 -5.16078667150266
TRINITY_DN1437_c0_g1_i4 0.04 0.03 0.0223634291366682 -5.48271476639002
TRINITY_DN1437_c0_g1_i9 0.01 0.01 0.00559085728416705 -7.48271476639002
TRINITY_DN14400_c0_g1_i5 0.05 0.03 0.0279542864208352 -5.16078667150266
TRINITY_DN14451_c0_g1_i1 0.04 0.02 0.0223634291366682 -5.48271476639002
TRINITY_DN14452_c0_g1_i3 0.05 0.03 0.0279542864208352 -5.16078667150266
TRINITY_DN1447_c0_g1_i2 0.01 0.01 0.00559085728416705 -7.48271476639002
TRINITY_DN14523_c1_g1_i1 0.05 0.03 0.0279542864208352 -5.16078667150266
TRINITY_DN145773_c0_g1_i1 0.04 0.02 0.0223634291366682 -5.48271476639002
TRINITY_DN14606_c0_g1_i2 0.01 0 0.00559085728416705 -7.48271476639002
TRINITY_DN146168_c0_g3_i1 0.03 0.02 0.0167725718525011 -5.89775226566886
TRINITY_DN14631_c0_g1_i3 0.03 0.02 0.0167725718525011 -5.89775226566886
TRINITY_DN146544_c0_g1_i2 0.04 0.02 0.0223634291366682 -5.48271476639002
TRINITY_DN146653_c0_g1_i5 0.04 0.03 0.0223634291366682 -5.48271476639002
TRINITY_DN14676_c0_g1_i2 0.02 0.01 0.0111817145683341 -6.48271476639002
TRINITY_DN14719_c0_g1_i7 0.03 0.02 0.0167725718525011 -5.89775226566886
TRINITY_DN14724_c0_g1_i9 0.01 0.01 0.00559085728416705 -7.48271476639002
TRINITY_DN14816_c0_g1_i2 0.02 0.01 0.0111817145683341 -6.48271476639002
TRINITY_DN14820_c0_g1_i11 0.01 0.01 0.00559085728416705 -7.48271476639002
TRINITY_DN14820_c0_g1_i9 0.02 0.01 0.0111817145683341 -6.48271476639002
TRINITY_DN1494_c1_g1_i10 0.05 0.03 0.0279542864208352 -5.16078667150266
TRINITY_DN14991_c2_g1_i1 0.01 0.01 0.00559085728416705 -7.48271476639002
TRINITY_DN15013_c0_g2_i2 0.04 0.03 0.0223634291366682 -5.48271476639002
TRINITY_DN150163_c0_g2_i1 0.05 0.03 0.0279542864208352 -5.16078667150266
TRINITY_DN150437_c1_g1_i1 0.05 0.03 0.0279542864208352 -5.16078667150266
TRINITY_DN150450_c0_g2_i1 0.02 0.01 0.0111817145683341 -6.48271476639002
TRINITY_DN150550_c0_g2_i1 0.04 0.02 0.0223634291366682 -5.48271476639002
TRINITY_DN15063_c0_g1_i1 0.03 0.02 0.0167725718525011 -5.89775226566886
TRINITY_DN15130_c0_g1_i4 0.05 0.03 0.0279542864208352 -5.16078667150266
TRINITY_DN15159_c0_g1_i3 0.05 0.03 0.0279542864208352 -5.16078667150266
TRINITY_DN15190_c0_g1_i3 0.04 0.03 0.0223634291366682 -5.48271476639002
TRINITY_DN15320_c0_g1_i4 0.05 0.03 0.0279542864208352 -5.16078667150266
TRINITY_DN15377_c0_g1_i1 0.02 0.01 0.0111817145683341 -6.48271476639002
TRINITY_DN153968_c0_g1_i1 0.05 0.03 0.0279542864208352 -5.16078667150266
TRINITY_DN153974_c0_g1_i1 0.05 0.03 0.0279542864208352 -5.16078667150266
TRINITY_DN1544_c0_g1_i6 0.05 0.03 0.0279542864208352 -5.16078667150266
TRINITY_DN15509_c1_g2_i7 0.04 0.03 0.0223634291366682 -5.48271476639002
TRINITY_DN155132_c0_g2_i1 0.04 0.03 0.0223634291366682 -5.48271476639002
TRINITY_DN15544_c0_g1_i1 0.03 0.02 0.0167725718525011 -5.89775226566886
TRINITY_DN15714_c0_g1_i2 0.04 0.03 0.0223634291366682 -5.48271476639002
TRINITY_DN15744_c0_g1_i8 0.05 0.03 0.0279542864208352 -5.16078667150266
TRINITY_DN1574_c0_g2_i1 0.04 0.03 0.0223634291366682 -5.48271476639002
TRINITY_DN15751_c0_g1_i3 0.05 0.03 0.0279542864208352 -5.16078667150266
TRINITY_DN1576_c0_g2_i3 0.02 0.01 0.0111817145683341 -6.48271476639002
TRINITY_DN1579_c0_g1_i8 0.04 0.03 0.0223634291366682 -5.48271476639002
TRINITY_DN15850_c0_g1_i1 0.05 0.03 0.0279542864208352 -5.16078667150266
TRINITY_DN158545_c0_g1_i1 0.04 0.02 0.0223634291366682 -5.48271476639002
TRINITY_DN158647_c0_g1_i2 0.05 0.03 0.0279542864208352 -5.16078667150266
TRINITY_DN158700_c0_g2_i1 0.04 0.03 0.0223634291366682 -5.48271476639002
TRINITY_DN158759_c0_g1_i1 0.05 0.03 0.0279542864208352 -5.16078667150266
TRINITY_DN1592_c1_g2_i7 0.03 0.02 0.0167725718525011 -5.89775226566886
TRINITY_DN15937_c1_g1_i1 0.03 0.02 0.0167725718525011 -5.89775226566886
TRINITY_DN160772_c0_g1_i3 0.04 0.03 0.0223634291366682 -5.48271476639002
TRINITY_DN16098_c0_g1_i1 0.05 0.03 0.0279542864208352 -5.16078667150266
TRINITY_DN16147_c0_g1_i4 0.05 0.03 0.0279542864208352 -5.16078667150266
TRINITY_DN161494_c0_g1_i5 0.03 0.02 0.0167725718525011 -5.89775226566886
TRINITY_DN1616_c0_g1_i11 0.04 0.03 0.0223634291366682 -5.48271476639002
TRINITY_DN16175_c0_g4_i2 0.04 0.03 0.0223634291366682 -5.48271476639002
TRINITY_DN16277_c1_g1_i4 0.04 0.02 0.0223634291366682 -5.48271476639002
TRINITY_DN16380_c0_g1_i6 0.03 0.02 0.0167725718525011 -5.89775226566886
TRINITY_DN16401_c0_g1_i1 0.04 0.03 0.0223634291366682 -5.48271476639002
TRINITY_DN1641_c0_g1_i11 0.02 0.01 0.0111817145683341 -6.48271476639002
TRINITY_DN16439_c0_g1_i1 0.01 0.01 0.00559085728416705 -7.48271476639002
TRINITY_DN16443_c0_g1_i1 0.04 0.02 0.0223634291366682 -5.48271476639002
TRINITY_DN16483_c0_g1_i2 0.03 0.02 0.0167725718525011 -5.89775226566886
TRINITY_DN16534_c3_g1_i1 0.03 0.02 0.0167725718525011 -5.89775226566886
TRINITY_DN166747_c0_g1_i1 0.04 0.03 0.0223634291366682 -5.48271476639002
TRINITY_DN167202_c0_g1_i1 0.05 0.03 0.0279542864208352 -5.16078667150266
TRINITY_DN16767_c0_g1_i3 0.05 0.03 0.0279542864208352 -5.16078667150266
TRINITY_DN16768_c1_g2_i1 0.05 0.03 0.0279542864208352 -5.16078667150266
TRINITY_DN1678_c2_g1_i12 0.05 0.03 0.0279542864208352 -5.16078667150266
TRINITY_DN16978_c3_g1_i2 0.02 0.01 0.0111817145683341 -6.48271476639002
TRINITY_DN16988_c2_g1_i1 0.04 0.03 0.0223634291366682 -5.48271476639002
TRINITY_DN171047_c0_g2_i1 0.03 0.02 0.0167725718525011 -5.89775226566886
TRINITY_DN1712_c0_g1_i2 0.01 0.01 0.00559085728416705 -7.48271476639002
TRINITY_DN171588_c0_g1_i1 0.05 0.03 0.0279542864208352 -5.16078667150266
TRINITY_DN171694_c2_g1_i1 0.04 0.02 0.0223634291366682 -5.48271476639002
TRINITY_DN17180_c0_g2_i1 0.02 0.01 0.0111817145683341 -6.48271476639002
TRINITY_DN172321_c0_g1_i1 0.04 0.03 0.0223634291366682 -5.48271476639002
TRINITY_DN172426_c0_g1_i1 0.03 0.02 0.0167725718525011 -5.89775226566886
TRINITY_DN172626_c0_g1_i1 0.05 0.03 0.0279542864208352 -5.16078667150266
TRINITY_DN17293_c0_g2_i2 0.04 0.03 0.0223634291366682 -5.48271476639002
TRINITY_DN172996_c0_g1_i2 0.05 0.03 0.0279542864208352 -5.16078667150266
TRINITY_DN17319_c1_g3_i1 0.03 0.02 0.0167725718525011 -5.89775226566886
TRINITY_DN173214_c0_g1_i1 0.04 0.03 0.0223634291366682 -5.48271476639002
TRINITY_DN173278_c0_g1_i1 0.05 0.03 0.0279542864208352 -5.16078667150266
TRINITY_DN174952_c0_g1_i1 0.05 0.03 0.0279542864208352 -5.16078667150266
TRINITY_DN174957_c0_g1_i1 0.05 0.03 0.0279542864208352 -5.16078667150266
TRINITY_DN17498_c0_g1_i1 0.05 0.03 0.0279542864208352 -5.16078667150266
TRINITY_DN17505_c0_g1_i3 0.05 0.03 0.0279542864208352 -5.16078667150266
TRINITY_DN175_c2_g1_i6 0.05 0.03 0.0279542864208352 -5.16078667150266
TRINITY_DN17638_c3_g1_i1 0.03 0.02 0.0167725718525011 -5.89775226566886
TRINITY_DN17642_c0_g1_i9 0.05 0.03 0.0279542864208352 -5.16078667150266
TRINITY_DN17684_c1_g2_i1 0.04 0.03 0.0223634291366682 -5.48271476639002
TRINITY_DN17708_c0_g1_i16 0.03 0.02 0.0167725718525011 -5.89775226566886
TRINITY_DN17715_c1_g1_i9 0.04 0.02 0.0223634291366682 -5.48271476639002
TRINITY_DN17755_c1_g2_i1 0.05 0.03 0.0279542864208352 -5.16078667150266
TRINITY_DN177869_c0_g1_i1 0.04 0.03 0.0223634291366682 -5.48271476639002
TRINITY_DN177_c0_g1_i15 0.04 0.03 0.0223634291366682 -5.48271476639002
TRINITY_DN177_c0_g1_i9 0.04 0.02 0.0223634291366682 -5.48271476639002
TRINITY_DN17823_c0_g1_i15 0.01 0.01 0.00559085728416705 -7.48271476639002
TRINITY_DN17823_c0_g1_i8 0.05 0.03 0.0279542864208352 -5.16078667150266
TRINITY_DN17916_c0_g1_i7 0.05 0.03 0.0279542864208352 -5.16078667150266
TRINITY_DN17937_c0_g1_i2 0.04 0.02 0.0223634291366682 -5.48271476639002
TRINITY_DN180408_c1_g1_i2 0.05 0.03 0.0279542864208352 -5.16078667150266
TRINITY_DN1804_c0_g1_i9 0.04 0.03 0.0223634291366682 -5.48271476639002
TRINITY_DN18095_c0_g2_i6 0.02 0.01 0.0111817145683341 -6.48271476639002
TRINITY_DN18115_c0_g1_i1 0.04 0.02 0.0223634291366682 -5.48271476639002
TRINITY_DN18120_c1_g1_i1 0.05 0.03 0.0279542864208352 -5.16078667150266
TRINITY_DN181863_c0_g2_i2 0.03 0.02 0.0167725718525011 -5.89775226566886
TRINITY_DN18206_c0_g1_i2 0.05 0.03 0.0279542864208352 -5.16078667150266
TRINITY_DN18233_c0_g1_i2 0.05 0.03 0.0279542864208352 -5.16078667150266
TRINITY_DN18241_c0_g2_i2 0.05 0.03 0.0279542864208352 -5.16078667150266
TRINITY_DN182466_c0_g1_i1 0.04 0.02 0.0223634291366682 -5.48271476639002
TRINITY_DN18251_c0_g1_i4 0.05 0.03 0.0279542864208352 -5.16078667150266
TRINITY_DN18276_c0_g1_i1 0.05 0.03 0.0279542864208352 -5.16078667150266
TRINITY_DN18299_c0_g1_i4 0.04 0.02 0.0223634291366682 -5.48271476639002
TRINITY_DN18332_c0_g1_i5 0.05 0.03 0.0279542864208352 -5.16078667150266
TRINITY_DN18346_c2_g2_i2 0.03 0.02 0.0167725718525011 -5.89775226566886
TRINITY_DN184069_c0_g1_i3 0.05 0.03 0.0279542864208352 -5.16078667150266
TRINITY_DN18416_c0_g1_i1 0.03 0.02 0.0167725718525011 -5.89775226566886
TRINITY_DN1850_c1_g1_i4 0.03 0.02 0.0167725718525011 -5.89775226566886
TRINITY_DN18545_c0_g1_i1 0.05 0.03 0.0279542864208352 -5.16078667150266
TRINITY_DN185660_c0_g1_i6 0.05 0.03 0.0279542864208352 -5.16078667150266
TRINITY_DN18579_c0_g1_i1 0.04 0.02 0.0223634291366682 -5.48271476639002
TRINITY_DN18593_c0_g1_i9 0.04 0.03 0.0223634291366682 -5.48271476639002
TRINITY_DN18596_c0_g1_i1 0.04 0.03 0.0223634291366682 -5.48271476639002
TRINITY_DN18624_c0_g1_i7 0.05 0.03 0.0279542864208352 -5.16078667150266
TRINITY_DN18624_c0_g1_i9 0.05 0.03 0.0279542864208352 -5.16078667150266
TRINITY_DN186814_c0_g2_i1 0.05 0.03 0.0279542864208352 -5.16078667150266
TRINITY_DN186_c0_g1_i3 0.03 0.02 0.0167725718525011 -5.89775226566886
TRINITY_DN187214_c0_g4_i1 0.05 0.03 0.0279542864208352 -5.16078667150266
TRINITY_DN187492_c0_g1_i3 0.05 0.03 0.0279542864208352 -5.16078667150266
TRINITY_DN18843_c0_g1_i3 0.05 0.03 0.0279542864208352 -5.16078667150266
TRINITY_DN18868_c0_g2_i4 0.05 0.03 0.0279542864208352 -5.16078667150266
TRINITY_DN18869_c2_g1_i1 0.01 0.01 0.00559085728416705 -7.48271476639002
TRINITY_DN18919_c0_g1_i5 0.05 0.03 0.0279542864208352 -5.16078667150266
TRINITY_DN18933_c0_g1_i1 0.03 0.02 0.0167725718525011 -5.89775226566886
TRINITY_DN18956_c0_g1_i5 0.03 0.02 0.0167725718525011 -5.89775226566886
TRINITY_DN18971_c0_g1_i3 0.04 0.03 0.0223634291366682 -5.48271476639002
TRINITY_DN18980_c0_g1_i4 0.05 0.03 0.0279542864208352 -5.16078667150266
TRINITY_DN190237_c0_g1_i1 0.04 0.02 0.0223634291366682 -5.48271476639002
TRINITY_DN190397_c0_g1_i1 0.05 0.03 0.0279542864208352 -5.16078667150266
TRINITY_DN19041_c0_g1_i1 0.04 0.02 0.0223634291366682 -5.48271476639002
TRINITY_DN19187_c0_g1_i7 0.03 0.02 0.0167725718525011 -5.89775226566886
TRINITY_DN192207_c0_g1_i1 0.05 0.03 0.0279542864208352 -5.16078667150266
TRINITY_DN192215_c0_g1_i1 0.05 0.03 0.0279542864208352 -5.16078667150266
TRINITY_DN1924_c0_g1_i6 0.01 0.01 0.00559085728416705 -7.48271476639002
TRINITY_DN192575_c0_g6_i1 0.05 0.03 0.0279542864208352 -5.16078667150266
TRINITY_DN192628_c0_g1_i2 0.05 0.03 0.0279542864208352 -5.16078667150266
TRINITY_DN19268_c0_g1_i10 0.05 0.03 0.0279542864208352 -5.16078667150266
TRINITY_DN192702_c0_g1_i1 0.03 0.02 0.0167725718525011 -5.89775226566886
TRINITY_DN19314_c0_g2_i1 0.05 0.03 0.0279542864208352 -5.16078667150266
TRINITY_DN19321_c0_g1_i9 0.05 0.03 0.0279542864208352 -5.16078667150266
TRINITY_DN19343_c0_g1_i1 0.04 0.02 0.0223634291366682 -5.48271476639002
TRINITY_DN193653_c0_g1_i1 0.04 0.02 0.0223634291366682 -5.48271476639002
TRINITY_DN19408_c0_g2_i1 0.05 0.03 0.0279542864208352 -5.16078667150266
TRINITY_DN194348_c0_g1_i1 0.05 0.03 0.0279542864208352 -5.16078667150266
TRINITY_DN194431_c0_g1_i1 0.05 0.03 0.0279542864208352 -5.16078667150266
TRINITY_DN19617_c0_g1_i21 0.02 0.02 0.0111817145683341 -6.48271476639002
TRINITY_DN197010_c0_g1_i1 0.05 0.03 0.0279542864208352 -5.16078667150266
TRINITY_DN19704_c0_g1_i6 0.03 0.02 0.0167725718525011 -5.89775226566886
TRINITY_DN19717_c0_g1_i3 0.05 0.03 0.0279542864208352 -5.16078667150266
TRINITY_DN197412_c0_g2_i1 0.05 0.03 0.0279542864208352 -5.16078667150266
TRINITY_DN197538_c0_g1_i2 0.04 0.03 0.0223634291366682 -5.48271476639002
TRINITY_DN19994_c0_g1_i5 0.05 0.03 0.0279542864208352 -5.16078667150266
TRINITY_DN199_c1_g1_i7 0.01 0 0.00559085728416705 -7.48271476639002
TRINITY_DN20057_c1_g1_i25 0.01 0.01 0.00559085728416705 -7.48271476639002
TRINITY_DN20066_c1_g1_i1 0.01 0 0.00559085728416705 -7.48271476639002
TRINITY_DN20085_c0_g1_i6 0.05 0.03 0.0279542864208352 -5.16078667150266
TRINITY_DN20127_c0_g1_i3 0.04 0.03 0.0223634291366682 -5.48271476639002
TRINITY_DN20194_c0_g1_i5 0.03 0.02 0.0167725718525011 -5.89775226566886
TRINITY_DN20229_c0_g2_i2 0.04 0.03 0.0223634291366682 -5.48271476639002
TRINITY_DN20342_c0_g1_i3 0.01 0 0.00559085728416705 -7.48271476639002
TRINITY_DN203827_c0_g1_i9 0.05 0.03 0.0279542864208352 -5.16078667150266
TRINITY_DN20470_c2_g1_i2 0.03 0.02 0.0167725718525011 -5.89775226566886
TRINITY_DN205030_c0_g2_i1 0.05 0.03 0.0279542864208352 -5.16078667150266
TRINITY_DN205930_c0_g1_i1 0.05 0.03 0.0279542864208352 -5.16078667150266
TRINITY_DN206279_c0_g1_i1 0.05 0.03 0.0279542864208352 -5.16078667150266
TRINITY_DN206280_c0_g1_i1 0.05 0.03 0.0279542864208352 -5.16078667150266
TRINITY_DN20690_c0_g1_i2 0.04 0.03 0.0223634291366682 -5.48271476639002
TRINITY_DN206968_c0_g2_i1 0.05 0.03 0.0279542864208352 -5.16078667150266
TRINITY_DN207130_c0_g2_i1 0.03 0.02 0.0167725718525011 -5.89775226566886
TRINITY_DN207488_c0_g1_i2 0.04 0.03 0.0223634291366682 -5.48271476639002
TRINITY_DN208021_c0_g1_i1 0.04 0.03 0.0223634291366682 -5.48271476639002
TRINITY_DN2083_c0_g1_i2 0.02 0.01 0.0111817145683341 -6.48271476639002
TRINITY_DN2086_c0_g1_i8 0.04 0.02 0.0223634291366682 -5.48271476639002
TRINITY_DN20890_c1_g1_i1 0.05 0.03 0.0279542864208352 -5.16078667150266
TRINITY_DN20895_c0_g1_i3 0.05 0.03 0.0279542864208352 -5.16078667150266
TRINITY_DN21000_c0_g2_i1 0.05 0.03 0.0279542864208352 -5.16078667150266
TRINITY_DN21011_c0_g1_i8 0.02 0.01 0.0111817145683341 -6.48271476639002
TRINITY_DN21085_c0_g3_i6 0.01 0.01 0.00559085728416705 -7.48271476639002
TRINITY_DN211454_c0_g1_i1 0.04 0.02 0.0223634291366682 -5.48271476639002
TRINITY_DN21172_c0_g2_i7 0.04 0.03 0.0223634291366682 -5.48271476639002
TRINITY_DN211750_c0_g1_i1 0.05 0.03 0.0279542864208352 -5.16078667150266
TRINITY_DN21200_c0_g1_i2 0.01 0.01 0.00559085728416705 -7.48271476639002
TRINITY_DN2123_c0_g2_i1 0.04 0.03 0.0223634291366682 -5.48271476639002
TRINITY_DN212793_c0_g1_i1 0.05 0.03 0.0279542864208352 -5.16078667150266
TRINITY_DN21294_c0_g3_i1 0.05 0.03 0.0279542864208352 -5.16078667150266
TRINITY_DN21349_c0_g1_i5 0.03 0.02 0.0167725718525011 -5.89775226566886
TRINITY_DN2137_c1_g2_i1 0.05 0.03 0.0279542864208352 -5.16078667150266
TRINITY_DN21469_c0_g1_i8 0.03 0.02 0.0167725718525011 -5.89775226566886
TRINITY_DN21471_c1_g1_i1 0.05 0.03 0.0279542864208352 -5.16078667150266
TRINITY_DN21481_c0_g1_i7 0.04 0.02 0.0223634291366682 -5.48271476639002
TRINITY_DN21484_c0_g2_i3 0.02 0.01 0.0111817145683341 -6.48271476639002
TRINITY_DN21486_c0_g2_i1 0.03 0.02 0.0167725718525011 -5.89775226566886
TRINITY_DN21499_c0_g1_i5 0.05 0.03 0.0279542864208352 -5.16078667150266
TRINITY_DN2161_c1_g1_i1 0.05 0.03 0.0279542864208352 -5.16078667150266
TRINITY_DN21634_c0_g1_i1 0.04 0.02 0.0223634291366682 -5.48271476639002
TRINITY_DN21649_c0_g1_i4 0.05 0.03 0.0279542864208352 -5.16078667150266
TRINITY_DN21752_c0_g4_i1 0.03 0.02 0.0167725718525011 -5.89775226566886
TRINITY_DN21799_c0_g1_i23 0.05 0.03 0.0279542864208352 -5.16078667150266
TRINITY_DN21957_c0_g1_i6 0.03 0.02 0.0167725718525011 -5.89775226566886
TRINITY_DN21991_c1_g2_i1 0.03 0.02 0.0167725718525011 -5.89775226566886
TRINITY_DN2213_c0_g2_i11 0.04 0.02 0.0223634291366682 -5.48271476639002
TRINITY_DN2213_c0_g2_i4 0.02 0.01 0.0111817145683341 -6.48271476639002
TRINITY_DN2213_c0_g2_i6 0.01 0.01 0.00559085728416705 -7.48271476639002
TRINITY_DN22152_c0_g1_i2 0.05 0.03 0.0279542864208352 -5.16078667150266
TRINITY_DN22204_c0_g1_i6 0.03 0.02 0.0167725718525011 -5.89775226566886
TRINITY_DN22204_c1_g1_i1 0.05 0.03 0.0279542864208352 -5.16078667150266
TRINITY_DN2222_c0_g1_i1 0.04 0.02 0.0223634291366682 -5.48271476639002
TRINITY_DN22271_c0_g3_i1 0.05 0.03 0.0279542864208352 -5.16078667150266
TRINITY_DN222_c1_g1_i18 0.04 0.03 0.0223634291366682 -5.48271476639002
TRINITY_DN22347_c1_g2_i1 0.04 0.03 0.0223634291366682 -5.48271476639002
TRINITY_DN22364_c0_g1_i4 0.02 0.01 0.0111817145683341 -6.48271476639002
TRINITY_DN22406_c0_g1_i11 0.03 0.02 0.0167725718525011 -5.89775226566886
TRINITY_DN22497_c0_g1_i1 0.03 0.02 0.0167725718525011 -5.89775226566886
TRINITY_DN2251_c0_g2_i3 0.03 0.02 0.0167725718525011 -5.89775226566886
TRINITY_DN22526_c1_g1_i1 0.04 0.03 0.0223634291366682 -5.48271476639002
TRINITY_DN22587_c1_g1_i1 0.05 0.03 0.0279542864208352 -5.16078667150266
TRINITY_DN2266_c0_g2_i2 0.02 0.01 0.0111817145683341 -6.48271476639002
TRINITY_DN2271_c0_g1_i1 0.02 0.01 0.0111817145683341 -6.48271476639002
TRINITY_DN22811_c0_g3_i1 0.04 0.03 0.0223634291366682 -5.48271476639002
TRINITY_DN22837_c0_g2_i1 0.05 0.03 0.0279542864208352 -5.16078667150266
TRINITY_DN2285_c0_g2_i1 0.02 0.01 0.0111817145683341 -6.48271476639002
TRINITY_DN22925_c0_g1_i3 0.03 0.02 0.0167725718525011 -5.89775226566886
TRINITY_DN22925_c0_g1_i4 0.05 0.03 0.0279542864208352 -5.16078667150266
TRINITY_DN22961_c0_g1_i5 0.03 0.02 0.0167725718525011 -5.89775226566886
TRINITY_DN22971_c0_g1_i1 0.05 0.03 0.0279542864208352 -5.16078667150266
TRINITY_DN22994_c0_g1_i1 0.04 0.03 0.0223634291366682 -5.48271476639002
TRINITY_DN23083_c0_g1_i3 0.03 0.02 0.0167725718525011 -5.89775226566886
TRINITY_DN23089_c0_g1_i3 0.05 0.03 0.0279542864208352 -5.16078667150266
TRINITY_DN23128_c7_g1_i1 0.04 0.02 0.0223634291366682 -5.48271476639002
TRINITY_DN23129_c0_g1_i1 0.05 0.03 0.0279542864208352 -5.16078667150266
TRINITY_DN231333_c0_g1_i1 0.05 0.03 0.0279542864208352 -5.16078667150266
TRINITY_DN23139_c1_g2_i1 0.03 0.02 0.0167725718525011 -5.89775226566886
TRINITY_DN23151_c0_g1_i1 0.04 0.02 0.0223634291366682 -5.48271476639002
TRINITY_DN23173_c0_g1_i1 0.04 0.03 0.0223634291366682 -5.48271476639002
TRINITY_DN2317_c0_g1_i2 0.03 0.02 0.0167725718525011 -5.89775226566886
TRINITY_DN231807_c0_g1_i1 0.05 0.03 0.0279542864208352 -5.16078667150266
TRINITY_DN23195_c0_g3_i1 0.03 0.02 0.0167725718525011 -5.89775226566886
TRINITY_DN23195_c1_g2_i3 0.03 0.02 0.0167725718525011 -5.89775226566886
TRINITY_DN23293_c0_g1_i4 0.05 0.03 0.0279542864208352 -5.16078667150266
TRINITY_DN23299_c0_g1_i1 0.05 0.03 0.0279542864208352 -5.16078667150266
TRINITY_DN233072_c0_g1_i1 0.05 0.03 0.0279542864208352 -5.16078667150266
TRINITY_DN234275_c0_g1_i1 0.05 0.03 0.0279542864208352 -5.16078667150266
TRINITY_DN2345_c0_g2_i3 0.04 0.02 0.0223634291366682 -5.48271476639002
TRINITY_DN23467_c0_g1_i6 0.01 0 0.00559085728416705 -7.48271476639002
TRINITY_DN23505_c0_g1_i3 0.05 0.03 0.0279542864208352 -5.16078667150266
TRINITY_DN23598_c0_g1_i3 0.04 0.02 0.0223634291366682 -5.48271476639002
TRINITY_DN236211_c0_g1_i1 0.05 0.03 0.0279542864208352 -5.16078667150266
TRINITY_DN23690_c3_g1_i1 0.05 0.03 0.0279542864208352 -5.16078667150266
TRINITY_DN23782_c0_g3_i2 0.03 0.02 0.0167725718525011 -5.89775226566886
TRINITY_DN23823_c0_g1_i2 0.02 0.01 0.0111817145683341 -6.48271476639002
TRINITY_DN23974_c2_g1_i1 0.04 0.02 0.0223634291366682 -5.48271476639002
TRINITY_DN23_c0_g1_i1 0.04 0.02 0.0223634291366682 -5.48271476639002
TRINITY_DN24050_c0_g1_i2 0.02 0.01 0.0111817145683341 -6.48271476639002
TRINITY_DN24200_c2_g2_i3 0.05 0.03 0.0279542864208352 -5.16078667150266
TRINITY_DN2423_c1_g1_i7 0.05 0.03 0.0279542864208352 -5.16078667150266
TRINITY_DN24294_c0_g3_i2 0.02 0.01 0.0111817145683341 -6.48271476639002
TRINITY_DN243056_c0_g1_i1 0.05 0.03 0.0279542864208352 -5.16078667150266
TRINITY_DN24367_c0_g2_i1 0.03 0.02 0.0167725718525011 -5.89775226566886
TRINITY_DN24523_c1_g1_i1 0.05 0.03 0.0279542864208352 -5.16078667150266
TRINITY_DN2458_c1_g2_i1 0.05 0.03 0.0279542864208352 -5.16078667150266
TRINITY_DN2478_c0_g3_i5 0.01 0.01 0.00559085728416705 -7.48271476639002
TRINITY_DN24803_c0_g1_i9 0.05 0.03 0.0279542864208352 -5.16078667150266
TRINITY_DN24935_c0_g1_i3 0.03 0.02 0.0167725718525011 -5.89775226566886
TRINITY_DN24986_c0_g1_i2 0.03 0.02 0.0167725718525011 -5.89775226566886
TRINITY_DN2499_c0_g1_i22 0.03 0.02 0.0167725718525011 -5.89775226566886
TRINITY_DN25085_c0_g2_i2 0.05 0.03 0.0279542864208352 -5.16078667150266
TRINITY_DN25107_c0_g2_i2 0.04 0.03 0.0223634291366682 -5.48271476639002
TRINITY_DN25171_c0_g1_i1 0.05 0.03 0.0279542864208352 -5.16078667150266
TRINITY_DN25178_c0_g1_i1 0.05 0.03 0.0279542864208352 -5.16078667150266
TRINITY_DN25207_c0_g3_i2 0.02 0.01 0.0111817145683341 -6.48271476639002
TRINITY_DN25327_c0_g1_i4 0.04 0.03 0.0223634291366682 -5.48271476639002
TRINITY_DN25337_c0_g1_i5 0.03 0.02 0.0167725718525011 -5.89775226566886
TRINITY_DN25596_c0_g1_i2 0.05 0.03 0.0279542864208352 -5.16078667150266
TRINITY_DN25689_c1_g1_i1 0.04 0.03 0.0223634291366682 -5.48271476639002
TRINITY_DN25741_c0_g1_i6 0.04 0.03 0.0223634291366682 -5.48271476639002
TRINITY_DN25779_c0_g1_i1 0.04 0.03 0.0223634291366682 -5.48271476639002
TRINITY_DN257878_c0_g1_i1 0.03 0.02 0.0167725718525011 -5.89775226566886
TRINITY_DN258058_c0_g1_i1 0.03 0.02 0.0167725718525011 -5.89775226566886
TRINITY_DN25912_c0_g1_i5 0.04 0.02 0.0223634291366682 -5.48271476639002
TRINITY_DN260732_c0_g1_i1 0.04 0.03 0.0223634291366682 -5.48271476639002
TRINITY_DN26169_c0_g1_i1 0.05 0.03 0.0279542864208352 -5.16078667150266
TRINITY_DN2618_c1_g1_i4 0.04 0.03 0.0223634291366682 -5.48271476639002
TRINITY_DN26288_c0_g1_i3 0.05 0.03 0.0279542864208352 -5.16078667150266
TRINITY_DN2629_c0_g1_i10 0.03 0.02 0.0167725718525011 -5.89775226566886
TRINITY_DN26302_c0_g1_i1 0.04 0.03 0.0223634291366682 -5.48271476639002
TRINITY_DN26314_c0_g2_i2 0.03 0.02 0.0167725718525011 -5.89775226566886
TRINITY_DN26341_c0_g1_i14 0.05 0.03 0.0279542864208352 -5.16078667150266
TRINITY_DN263888_c0_g1_i1 0.05 0.03 0.0279542864208352 -5.16078667150266
TRINITY_DN26446_c0_g1_i13 0.05 0.03 0.0279542864208352 -5.16078667150266
TRINITY_DN26446_c0_g1_i7 0.04 0.03 0.0223634291366682 -5.48271476639002
TRINITY_DN26446_c0_g1_i8 0.02 0.01 0.0111817145683341 -6.48271476639002
TRINITY_DN2647_c0_g1_i8 0.04 0.02 0.0223634291366682 -5.48271476639002
TRINITY_DN264_c1_g3_i3 0.05 0.03 0.0279542864208352 -5.16078667150266
TRINITY_DN26545_c0_g2_i3 0.04 0.03 0.0223634291366682 -5.48271476639002
TRINITY_DN2656_c1_g1_i3 0.02 0.01 0.0111817145683341 -6.48271476639002
TRINITY_DN26581_c0_g1_i1 0.04 0.03 0.0223634291366682 -5.48271476639002
TRINITY_DN2671_c0_g5_i1 0.05 0.03 0.0279542864208352 -5.16078667150266
TRINITY_DN2671_c0_g5_i4 0.03 0.02 0.0167725718525011 -5.89775226566886
TRINITY_DN26743_c0_g1_i1 0.05 0.03 0.0279542864208352 -5.16078667150266
TRINITY_DN26788_c0_g1_i2 0.05 0.03 0.0279542864208352 -5.16078667150266
TRINITY_DN268271_c0_g1_i1 0.05 0.03 0.0279542864208352 -5.16078667150266
TRINITY_DN26878_c0_g1_i1 0.04 0.03 0.0223634291366682 -5.48271476639002
TRINITY_DN26893_c0_g1_i2 0.05 0.03 0.0279542864208352 -5.16078667150266
TRINITY_DN26946_c0_g1_i4 0.05 0.03 0.0279542864208352 -5.16078667150266
TRINITY_DN26952_c0_g1_i4 0.05 0.03 0.0279542864208352 -5.16078667150266
TRINITY_DN269827_c0_g1_i1 0.05 0.03 0.0279542864208352 -5.16078667150266
TRINITY_DN270102_c0_g1_i1 0.05 0.03 0.0279542864208352 -5.16078667150266
TRINITY_DN270423_c0_g1_i1 0.05 0.03 0.0279542864208352 -5.16078667150266
TRINITY_DN27058_c0_g1_i1 0.05 0.03 0.0279542864208352 -5.16078667150266
TRINITY_DN2707_c0_g2_i2 0.03 0.02 0.0167725718525011 -5.89775226566886
TRINITY_DN27111_c0_g1_i1 0.04 0.03 0.0223634291366682 -5.48271476639002
TRINITY_DN27127_c0_g1_i5 0.05 0.03 0.0279542864208352 -5.16078667150266
TRINITY_DN2715_c0_g1_i6 0.05 0.03 0.0279542864208352 -5.16078667150266
TRINITY_DN272432_c0_g1_i1 0.05 0.03 0.0279542864208352 -5.16078667150266
TRINITY_DN2727_c0_g1_i8 0.01 0.01 0.00559085728416705 -7.48271476639002
TRINITY_DN27283_c3_g1_i1 0.05 0.03 0.0279542864208352 -5.16078667150266
TRINITY_DN2731_c0_g1_i6 0.01 0.01 0.00559085728416705 -7.48271476639002
TRINITY_DN27377_c0_g1_i2 0.04 0.02 0.0223634291366682 -5.48271476639002
TRINITY_DN27422_c0_g1_i3 0.03 0.02 0.0167725718525011 -5.89775226566886
TRINITY_DN27489_c0_g1_i1 0.04 0.02 0.0223634291366682 -5.48271476639002
TRINITY_DN274_c0_g1_i24 0.04 0.02 0.0223634291366682 -5.48271476639002
TRINITY_DN2750_c0_g1_i1 0.03 0.02 0.0167725718525011 -5.89775226566886
TRINITY_DN27551_c1_g2_i1 0.04 0.03 0.0223634291366682 -5.48271476639002
TRINITY_DN27587_c2_g1_i1 0.05 0.03 0.0279542864208352 -5.16078667150266
TRINITY_DN27621_c0_g1_i6 0.03 0.02 0.0167725718525011 -5.89775226566886
TRINITY_DN27665_c0_g1_i1 0.04 0.02 0.0223634291366682 -5.48271476639002
TRINITY_DN27743_c0_g1_i6 0.01 0.01 0.00559085728416705 -7.48271476639002
TRINITY_DN27859_c1_g2_i3 0.05 0.03 0.0279542864208352 -5.16078667150266
TRINITY_DN27915_c1_g1_i1 0.05 0.03 0.0279542864208352 -5.16078667150266
TRINITY_DN27934_c0_g2_i2 0.04 0.02 0.0223634291366682 -5.48271476639002
TRINITY_DN2794_c0_g1_i4 0.01 0.01 0.00559085728416705 -7.48271476639002
TRINITY_DN2797_c0_g1_i9 0.04 0.02 0.0223634291366682 -5.48271476639002
TRINITY_DN28011_c0_g2_i2 0.04 0.03 0.0223634291366682 -5.48271476639002
TRINITY_DN2801_c0_g1_i7 0.05 0.03 0.0279542864208352 -5.16078667150266
TRINITY_DN28125_c0_g1_i2 0.05 0.03 0.0279542864208352 -5.16078667150266
TRINITY_DN28134_c0_g1_i1 0.04 0.03 0.0223634291366682 -5.48271476639002
TRINITY_DN28146_c0_g1_i13 0.05 0.03 0.0279542864208352 -5.16078667150266
TRINITY_DN28186_c0_g1_i2 0.05 0.03 0.0279542864208352 -5.16078667150266
TRINITY_DN282_c0_g2_i22 0.01 0.01 0.00559085728416705 -7.48271476639002
TRINITY_DN28306_c0_g4_i3 0.03 0.02 0.0167725718525011 -5.89775226566886
TRINITY_DN28331_c0_g1_i1 0.05 0.03 0.0279542864208352 -5.16078667150266
TRINITY_DN28503_c0_g3_i1 0.04 0.03 0.0223634291366682 -5.48271476639002
TRINITY_DN28567_c0_g1_i1 0.02 0.01 0.0111817145683341 -6.48271476639002
TRINITY_DN2862_c0_g2_i2 0.04 0.03 0.0223634291366682 -5.48271476639002
TRINITY_DN286645_c0_g1_i1 0.03 0.02 0.0167725718525011 -5.89775226566886
TRINITY_DN28672_c0_g2_i1 0.05 0.03 0.0279542864208352 -5.16078667150266
TRINITY_DN287358_c0_g1_i1 0.04 0.03 0.0223634291366682 -5.48271476639002
TRINITY_DN287587_c0_g1_i1 0.05 0.03 0.0279542864208352 -5.16078667150266
TRINITY_DN288113_c0_g1_i1 0.04 0.02 0.0223634291366682 -5.48271476639002
TRINITY_DN28901_c0_g1_i2 0.04 0.02 0.0223634291366682 -5.48271476639002
TRINITY_DN289042_c0_g1_i1 0.04 0.03 0.0223634291366682 -5.48271476639002
TRINITY_DN28916_c0_g1_i1 0.04 0.02 0.0223634291366682 -5.48271476639002
TRINITY_DN28943_c1_g1_i1 0.04 0.03 0.0223634291366682 -5.48271476639002
TRINITY_DN289689_c0_g1_i4 0.05 0.03 0.0279542864208352 -5.16078667150266
TRINITY_DN290952_c0_g1_i1 0.03 0.02 0.0167725718525011 -5.89775226566886
TRINITY_DN291257_c0_g1_i1 0.05 0.03 0.0279542864208352 -5.16078667150266
TRINITY_DN29135_c0_g1_i2 0.02 0.01 0.0111817145683341 -6.48271476639002
TRINITY_DN29144_c0_g3_i1 0.03 0.02 0.0167725718525011 -5.89775226566886
TRINITY_DN29149_c0_g1_i4 0.05 0.03 0.0279542864208352 -5.16078667150266
TRINITY_DN292875_c0_g1_i1 0.05 0.03 0.0279542864208352 -5.16078667150266
TRINITY_DN2929_c0_g1_i4 0.04 0.03 0.0223634291366682 -5.48271476639002
TRINITY_DN29461_c0_g1_i1 0.03 0.02 0.0167725718525011 -5.89775226566886
TRINITY_DN29478_c0_g1_i4 0.05 0.03 0.0279542864208352 -5.16078667150266
TRINITY_DN29504_c1_g1_i1 0.05 0.03 0.0279542864208352 -5.16078667150266
TRINITY_DN295_c0_g1_i3 0.01 0.01 0.00559085728416705 -7.48271476639002
TRINITY_DN29805_c0_g1_i4 0.02 0.01 0.0111817145683341 -6.48271476639002
TRINITY_DN2984_c0_g1_i5 0.05 0.03 0.0279542864208352 -5.16078667150266
TRINITY_DN29948_c0_g3_i1 0.05 0.03 0.0279542864208352 -5.16078667150266
TRINITY_DN2995_c0_g1_i29 0.05 0.03 0.0279542864208352 -5.16078667150266
TRINITY_DN29976_c0_g1_i1 0.05 0.03 0.0279542864208352 -5.16078667150266
TRINITY_DN29983_c1_g1_i2 0.04 0.03 0.0223634291366682 -5.48271476639002
TRINITY_DN30029_c0_g1_i1 0.05 0.03 0.0279542864208352 -5.16078667150266
TRINITY_DN300952_c0_g1_i1 0.05 0.03 0.0279542864208352 -5.16078667150266
TRINITY_DN30103_c0_g1_i5 0.02 0.01 0.0111817145683341 -6.48271476639002
TRINITY_DN30112_c0_g3_i2 0.03 0.02 0.0167725718525011 -5.89775226566886
TRINITY_DN30135_c0_g3_i3 0.05 0.03 0.0279542864208352 -5.16078667150266
TRINITY_DN30366_c0_g1_i1 0.04 0.02 0.0223634291366682 -5.48271476639002
TRINITY_DN30515_c3_g1_i1 0.04 0.03 0.0223634291366682 -5.48271476639002
TRINITY_DN30579_c0_g1_i2 0.04 0.03 0.0223634291366682 -5.48271476639002
TRINITY_DN30580_c0_g1_i2 0.02 0.02 0.0111817145683341 -6.48271476639002
TRINITY_DN3080_c0_g1_i6 0.05 0.03 0.0279542864208352 -5.16078667150266
TRINITY_DN30873_c0_g1_i1 0.05 0.03 0.0279542864208352 -5.16078667150266
TRINITY_DN30965_c0_g1_i1 0.05 0.03 0.0279542864208352 -5.16078667150266
TRINITY_DN31079_c0_g1_i6 0.04 0.03 0.0223634291366682 -5.48271476639002
TRINITY_DN31089_c0_g2_i1 0.04 0.03 0.0223634291366682 -5.48271476639002
TRINITY_DN31234_c0_g1_i1 0.05 0.03 0.0279542864208352 -5.16078667150266
TRINITY_DN3133_c0_g2_i25 0.05 0.03 0.0279542864208352 -5.16078667150266
TRINITY_DN3135_c0_g2_i14 0.04 0.02 0.0223634291366682 -5.48271476639002
TRINITY_DN3135_c0_g2_i22 0.05 0.03 0.0279542864208352 -5.16078667150266
TRINITY_DN3135_c0_g2_i25 0.01 0.01 0.00559085728416705 -7.48271476639002
TRINITY_DN3136_c0_g1_i7 0.01 0.01 0.00559085728416705 -7.48271476639002
TRINITY_DN31472_c1_g1_i7 0.05 0.03 0.0279542864208352 -5.16078667150266
TRINITY_DN31587_c0_g1_i1 0.03 0.02 0.0167725718525011 -5.89775226566886
TRINITY_DN31609_c1_g1_i1 0.05 0.03 0.0279542864208352 -5.16078667150266
TRINITY_DN31802_c0_g1_i7 0.03 0.02 0.0167725718525011 -5.89775226566886
TRINITY_DN31830_c0_g1_i8 0.05 0.03 0.0279542864208352 -5.16078667150266
TRINITY_DN31841_c0_g1_i3 0.04 0.03 0.0223634291366682 -5.48271476639002
TRINITY_DN3184_c0_g3_i2 0.03 0.02 0.0167725718525011 -5.89775226566886
TRINITY_DN3184_c1_g1_i1 0.05 0.03 0.0279542864208352 -5.16078667150266
TRINITY_DN31989_c0_g1_i2 0.04 0.02 0.0223634291366682 -5.48271476639002
TRINITY_DN319920_c0_g1_i1 0.05 0.03 0.0279542864208352 -5.16078667150266
TRINITY_DN32005_c0_g1_i16 0.01 0.01 0.00559085728416705 -7.48271476639002
TRINITY_DN32034_c0_g1_i2 0.04 0.03 0.0223634291366682 -5.48271476639002
TRINITY_DN32197_c0_g1_i2 0.04 0.03 0.0223634291366682 -5.48271476639002
TRINITY_DN323336_c0_g1_i1 0.05 0.03 0.0279542864208352 -5.16078667150266
TRINITY_DN32355_c0_g1_i1 0.05 0.03 0.0279542864208352 -5.16078667150266
TRINITY_DN323946_c0_g1_i1 0.05 0.03 0.0279542864208352 -5.16078667150266
TRINITY_DN32491_c0_g1_i2 0.05 0.03 0.0279542864208352 -5.16078667150266
TRINITY_DN3255_c0_g1_i12 0.01 0 0.00559085728416705 -7.48271476639002
TRINITY_DN32850_c2_g2_i1 0.05 0.03 0.0279542864208352 -5.16078667150266
TRINITY_DN32869_c0_g1_i1 0.04 0.03 0.0223634291366682 -5.48271476639002
TRINITY_DN3313_c1_g1_i13 0.01 0.01 0.00559085728416705 -7.48271476639002
TRINITY_DN3321_c0_g1_i1 0.04 0.03 0.0223634291366682 -5.48271476639002
TRINITY_DN3322_c0_g1_i7 0.05 0.03 0.0279542864208352 -5.16078667150266
TRINITY_DN33437_c0_g2_i1 0.04 0.02 0.0223634291366682 -5.48271476639002
TRINITY_DN33475_c0_g2_i2 0.05 0.03 0.0279542864208352 -5.16078667150266
TRINITY_DN3351_c0_g2_i2 0.04 0.03 0.0223634291366682 -5.48271476639002
TRINITY_DN33523_c1_g1_i2 0.04 0.03 0.0223634291366682 -5.48271476639002
TRINITY_DN33524_c2_g1_i1 0.05 0.03 0.0279542864208352 -5.16078667150266
TRINITY_DN33539_c0_g1_i1 0.04 0.03 0.0223634291366682 -5.48271476639002
TRINITY_DN33570_c2_g1_i1 0.04 0.02 0.0223634291366682 -5.48271476639002
TRINITY_DN33570_c4_g1_i1 0.05 0.03 0.0279542864208352 -5.16078667150266
TRINITY_DN335_c0_g1_i3 0.05 0.03 0.0279542864208352 -5.16078667150266
TRINITY_DN33615_c0_g1_i1 0.04 0.02 0.0223634291366682 -5.48271476639002
TRINITY_DN33724_c0_g1_i6 0.04 0.02 0.0223634291366682 -5.48271476639002
TRINITY_DN33761_c1_g1_i1 0.05 0.03 0.0279542864208352 -5.16078667150266
TRINITY_DN33817_c0_g1_i1 0.05 0.03 0.0279542864208352 -5.16078667150266
TRINITY_DN33852_c0_g1_i2 0.01 0.01 0.00559085728416705 -7.48271476639002
TRINITY_DN33884_c2_g1_i6 0.04 0.02 0.0223634291366682 -5.48271476639002
TRINITY_DN3394_c0_g1_i8 0.05 0.03 0.0279542864208352 -5.16078667150266
TRINITY_DN3401_c0_g2_i4 0.02 0.01 0.0111817145683341 -6.48271476639002
TRINITY_DN3419_c0_g2_i9 0.04 0.02 0.0223634291366682 -5.48271476639002
TRINITY_DN34231_c0_g2_i1 0.04 0.03 0.0223634291366682 -5.48271476639002
TRINITY_DN3464_c0_g1_i5 0.02 0.01 0.0111817145683341 -6.48271476639002
TRINITY_DN34677_c0_g5_i1 0.02 0.02 0.0111817145683341 -6.48271476639002
TRINITY_DN34705_c0_g1_i1 0.04 0.03 0.0223634291366682 -5.48271476639002
TRINITY_DN348784_c0_g1_i1 0.05 0.03 0.0279542864208352 -5.16078667150266
TRINITY_DN3492_c0_g1_i13 0.01 0 0.00559085728416705 -7.48271476639002
TRINITY_DN3499_c0_g1_i4 0.05 0.03 0.0279542864208352 -5.16078667150266
TRINITY_DN34_c1_g4_i4 0.05 0.03 0.0279542864208352 -5.16078667150266
TRINITY_DN350137_c0_g1_i1 0.05 0.03 0.0279542864208352 -5.16078667150266
TRINITY_DN35023_c0_g1_i1 0.05 0.03 0.0279542864208352 -5.16078667150266
TRINITY_DN3504_c0_g1_i11 0.04 0.03 0.0223634291366682 -5.48271476639002
TRINITY_DN350585_c0_g1_i1 0.05 0.03 0.0279542864208352 -5.16078667150266
TRINITY_DN351775_c0_g1_i1 0.05 0.03 0.0279542864208352 -5.16078667150266
TRINITY_DN351973_c0_g1_i1 0.03 0.02 0.0167725718525011 -5.89775226566886
TRINITY_DN35214_c0_g1_i1 0.05 0.03 0.0279542864208352 -5.16078667150266
TRINITY_DN352281_c0_g1_i1 0.05 0.03 0.0279542864208352 -5.16078667150266
TRINITY_DN35242_c0_g1_i7 0.05 0.03 0.0279542864208352 -5.16078667150266
TRINITY_DN35374_c0_g1_i6 0.04 0.03 0.0223634291366682 -5.48271476639002
TRINITY_DN35573_c0_g2_i1 0.05 0.03 0.0279542864208352 -5.16078667150266
TRINITY_DN3561_c0_g3_i18 0.04 0.02 0.0223634291366682 -5.48271476639002
TRINITY_DN356538_c0_g1_i1 0.03 0.02 0.0167725718525011 -5.89775226566886
TRINITY_DN356_c0_g1_i17 0.04 0.02 0.0223634291366682 -5.48271476639002
TRINITY_DN358303_c0_g1_i1 0.03 0.02 0.0167725718525011 -5.89775226566886
TRINITY_DN35877_c0_g1_i21 0.04 0.03 0.0223634291366682 -5.48271476639002
TRINITY_DN359821_c0_g1_i1 0.05 0.03 0.0279542864208352 -5.16078667150266
TRINITY_DN36153_c0_g4_i1 0.04 0.02 0.0223634291366682 -5.48271476639002
TRINITY_DN36224_c0_g1_i1 0.05 0.03 0.0279542864208352 -5.16078667150266
TRINITY_DN36318_c0_g2_i3 0.04 0.03 0.0223634291366682 -5.48271476639002
TRINITY_DN3642_c2_g1_i1 0.05 0.03 0.0279542864208352 -5.16078667150266
TRINITY_DN36431_c4_g1_i1 0.04 0.03 0.0223634291366682 -5.48271476639002
TRINITY_DN3653_c0_g1_i2 0.05 0.03 0.0279542864208352 -5.16078667150266
TRINITY_DN3653_c0_g1_i6 0.05 0.03 0.0279542864208352 -5.16078667150266
TRINITY_DN3653_c0_g1_i7 0.05 0.03 0.0279542864208352 -5.16078667150266
TRINITY_DN36541_c0_g1_i6 0.04 0.03 0.0223634291366682 -5.48271476639002
TRINITY_DN36611_c1_g1_i1 0.04 0.03 0.0223634291366682 -5.48271476639002
TRINITY_DN36742_c0_g1_i2 0.05 0.03 0.0279542864208352 -5.16078667150266
TRINITY_DN36818_c0_g1_i10 0.03 0.02 0.0167725718525011 -5.89775226566886
TRINITY_DN36818_c0_g1_i7 0.05 0.03 0.0279542864208352 -5.16078667150266
TRINITY_DN3684_c0_g1_i14 0.01 0.01 0.00559085728416705 -7.48271476639002
TRINITY_DN3684_c0_g1_i20 0.01 0.01 0.00559085728416705 -7.48271476639002
TRINITY_DN3684_c0_g1_i22 0.05 0.03 0.0279542864208352 -5.16078667150266
TRINITY_DN3684_c0_g1_i23 0.01 0 0.00559085728416705 -7.48271476639002
TRINITY_DN3684_c0_g1_i26 0.01 0 0.00559085728416705 -7.48271476639002
TRINITY_DN3684_c0_g1_i3 0.02 0.01 0.0111817145683341 -6.48271476639002
TRINITY_DN36985_c1_g4_i1 0.05 0.03 0.0279542864208352 -5.16078667150266
TRINITY_DN3704_c0_g1_i8 0.04 0.02 0.0223634291366682 -5.48271476639002
TRINITY_DN3705_c0_g1_i6 0.01 0 0.00559085728416705 -7.48271476639002
TRINITY_DN37118_c0_g1_i3 0.01 0.01 0.00559085728416705 -7.48271476639002
TRINITY_DN37119_c0_g2_i1 0.01 0.01 0.00559085728416705 -7.48271476639002
TRINITY_DN3716_c18_g1_i1 0.05 0.03 0.0279542864208352 -5.16078667150266
TRINITY_DN37277_c0_g1_i9 0.04 0.02 0.0223634291366682 -5.48271476639002
TRINITY_DN3739_c0_g5_i1 0.04 0.03 0.0223634291366682 -5.48271476639002
TRINITY_DN374_c2_g1_i7 0.05 0.03 0.0279542864208352 -5.16078667150266
TRINITY_DN37577_c0_g2_i1 0.04 0.03 0.0223634291366682 -5.48271476639002
TRINITY_DN37595_c0_g1_i1 0.03 0.02 0.0167725718525011 -5.89775226566886
TRINITY_DN37623_c0_g1_i3 0.02 0.01 0.0111817145683341 -6.48271476639002
TRINITY_DN37693_c0_g1_i2 0.05 0.03 0.0279542864208352 -5.16078667150266
TRINITY_DN37694_c0_g2_i1 0.05 0.03 0.0279542864208352 -5.16078667150266
TRINITY_DN37790_c0_g1_i1 0.05 0.03 0.0279542864208352 -5.16078667150266
TRINITY_DN3789_c1_g1_i4 0.05 0.03 0.0279542864208352 -5.16078667150266
TRINITY_DN37941_c3_g1_i1 0.04 0.03 0.0223634291366682 -5.48271476639002
TRINITY_DN38008_c0_g1_i7 0.04 0.03 0.0223634291366682 -5.48271476639002
TRINITY_DN38043_c0_g1_i1 0.05 0.03 0.0279542864208352 -5.16078667150266
TRINITY_DN3810_c0_g1_i13 0.04 0.02 0.0223634291366682 -5.48271476639002
TRINITY_DN38118_c0_g2_i1 0.04 0.03 0.0223634291366682 -5.48271476639002
TRINITY_DN38159_c0_g1_i1 0.05 0.03 0.0279542864208352 -5.16078667150266
TRINITY_DN38169_c0_g1_i3 0.03 0.02 0.0167725718525011 -5.89775226566886
TRINITY_DN3837_c0_g1_i17 0.02 0.01 0.0111817145683341 -6.48271476639002
TRINITY_DN3851_c0_g2_i7 0.04 0.03 0.0223634291366682 -5.48271476639002
TRINITY_DN38618_c0_g1_i1 0.04 0.03 0.0223634291366682 -5.48271476639002
TRINITY_DN3900_c1_g3_i1 0.02 0.01 0.0111817145683341 -6.48271476639002
TRINITY_DN3905_c0_g4_i1 0.04 0.03 0.0223634291366682 -5.48271476639002
TRINITY_DN39137_c0_g1_i9 0.03 0.02 0.0167725718525011 -5.89775226566886
TRINITY_DN39256_c0_g2_i1 0.05 0.03 0.0279542864208352 -5.16078667150266
TRINITY_DN39442_c0_g1_i2 0.04 0.03 0.0223634291366682 -5.48271476639002
TRINITY_DN39478_c0_g1_i1 0.02 0.01 0.0111817145683341 -6.48271476639002
TRINITY_DN39503_c0_g2_i1 0.04 0.02 0.0223634291366682 -5.48271476639002
TRINITY_DN39714_c1_g1_i2 0.05 0.03 0.0279542864208352 -5.16078667150266
TRINITY_DN39723_c0_g1_i2 0.02 0.02 0.0111817145683341 -6.48271476639002
TRINITY_DN3972_c0_g2_i15 0.02 0.02 0.0111817145683341 -6.48271476639002
TRINITY_DN40196_c4_g3_i2 0.04 0.03 0.0223634291366682 -5.48271476639002
TRINITY_DN40293_c0_g1_i2 0.03 0.02 0.0167725718525011 -5.89775226566886
TRINITY_DN40332_c0_g1_i2 0.03 0.02 0.0167725718525011 -5.89775226566886
TRINITY_DN4036_c0_g1_i5 0.02 0.01 0.0111817145683341 -6.48271476639002
TRINITY_DN40373_c0_g1_i1 0.04 0.03 0.0223634291366682 -5.48271476639002
TRINITY_DN4054_c0_g1_i3 0.01 0.01 0.00559085728416705 -7.48271476639002
TRINITY_DN40565_c0_g1_i2 0.04 0.03 0.0223634291366682 -5.48271476639002
TRINITY_DN405_c3_g1_i11 0.05 0.03 0.0279542864208352 -5.16078667150266
TRINITY_DN405_c9_g1_i1 0.02 0.02 0.0111817145683341 -6.48271476639002
TRINITY_DN40881_c0_g1_i2 0.05 0.03 0.0279542864208352 -5.16078667150266
TRINITY_DN4092_c0_g3_i3 0.05 0.03 0.0279542864208352 -5.16078667150266
TRINITY_DN41148_c0_g1_i1 0.03 0.02 0.0167725718525011 -5.89775226566886
TRINITY_DN4114_c1_g1_i11 0.01 0.01 0.00559085728416705 -7.48271476639002
TRINITY_DN4114_c1_g1_i34 0.01 0.01 0.00559085728416705 -7.48271476639002
TRINITY_DN4125_c0_g1_i4 0.04 0.02 0.0223634291366682 -5.48271476639002
TRINITY_DN41423_c0_g1_i2 0.05 0.03 0.0279542864208352 -5.16078667150266
TRINITY_DN41438_c0_g1_i2 0.03 0.02 0.0167725718525011 -5.89775226566886
TRINITY_DN41640_c0_g2_i1 0.03 0.02 0.0167725718525011 -5.89775226566886
TRINITY_DN41672_c0_g1_i3 0.05 0.03 0.0279542864208352 -5.16078667150266
TRINITY_DN41756_c0_g1_i1 0.04 0.03 0.0223634291366682 -5.48271476639002
TRINITY_DN41796_c0_g1_i1 0.05 0.03 0.0279542864208352 -5.16078667150266
TRINITY_DN41811_c0_g1_i1 0.02 0.02 0.0111817145683341 -6.48271476639002
TRINITY_DN41816_c0_g1_i10 0.03 0.02 0.0167725718525011 -5.89775226566886
TRINITY_DN41821_c0_g1_i1 0.04 0.02 0.0223634291366682 -5.48271476639002
TRINITY_DN418_c0_g1_i18 0.03 0.02 0.0167725718525011 -5.89775226566886
TRINITY_DN418_c0_g1_i4 0.02 0.01 0.0111817145683341 -6.48271476639002
TRINITY_DN42003_c0_g2_i1 0.05 0.03 0.0279542864208352 -5.16078667150266
TRINITY_DN42035_c0_g1_i1 0.03 0.02 0.0167725718525011 -5.89775226566886
TRINITY_DN42166_c0_g2_i1 0.05 0.03 0.0279542864208352 -5.16078667150266
TRINITY_DN42426_c0_g2_i1 0.03 0.02 0.0167725718525011 -5.89775226566886
TRINITY_DN42445_c0_g1_i1 0.04 0.03 0.0223634291366682 -5.48271476639002
TRINITY_DN4250_c0_g1_i10 0.05 0.03 0.0279542864208352 -5.16078667150266
TRINITY_DN4274_c0_g1_i7 0.04 0.02 0.0223634291366682 -5.48271476639002
TRINITY_DN4280_c0_g1_i5 0.05 0.03 0.0279542864208352 -5.16078667150266
TRINITY_DN431_c0_g1_i11 0.02 0.01 0.0111817145683341 -6.48271476639002
TRINITY_DN431_c0_g1_i3 0.02 0.01 0.0111817145683341 -6.48271476639002
TRINITY_DN43412_c0_g1_i7 0.03 0.02 0.0167725718525011 -5.89775226566886
TRINITY_DN43412_c0_g4_i1 0.05 0.03 0.0279542864208352 -5.16078667150266
TRINITY_DN43707_c0_g4_i1 0.05 0.03 0.0279542864208352 -5.16078667150266
TRINITY_DN4393_c0_g1_i2 0.05 0.03 0.0279542864208352 -5.16078667150266
TRINITY_DN4393_c0_g3_i8 0.04 0.03 0.0223634291366682 -5.48271476639002
TRINITY_DN43977_c0_g1_i1 0.05 0.03 0.0279542864208352 -5.16078667150266
TRINITY_DN44338_c1_g1_i6 0.05 0.03 0.0279542864208352 -5.16078667150266
TRINITY_DN44385_c0_g2_i2 0.04 0.02 0.0223634291366682 -5.48271476639002
TRINITY_DN4438_c0_g2_i1 0.04 0.02 0.0223634291366682 -5.48271476639002
TRINITY_DN44413_c0_g1_i1 0.05 0.03 0.0279542864208352 -5.16078667150266
TRINITY_DN44454_c1_g1_i6 0.05 0.03 0.0279542864208352 -5.16078667150266
TRINITY_DN4445_c0_g2_i11 0.02 0.02 0.0111817145683341 -6.48271476639002
TRINITY_DN4445_c0_g2_i2 0.02 0.02 0.0111817145683341 -6.48271476639002
TRINITY_DN4453_c0_g1_i14 0.03 0.02 0.0167725718525011 -5.89775226566886
TRINITY_DN44858_c0_g1_i1 0.04 0.02 0.0223634291366682 -5.48271476639002
TRINITY_DN44968_c1_g1_i1 0.02 0.01 0.0111817145683341 -6.48271476639002
TRINITY_DN4500_c0_g1_i23 0.01 0 0.00559085728416705 -7.48271476639002
TRINITY_DN450_c0_g1_i2 0.04 0.03 0.0223634291366682 -5.48271476639002
TRINITY_DN45241_c1_g1_i1 0.04 0.02 0.0223634291366682 -5.48271476639002
TRINITY_DN4524_c0_g1_i12 0.03 0.02 0.0167725718525011 -5.89775226566886
TRINITY_DN4525_c0_g1_i2 0.02 0.01 0.0111817145683341 -6.48271476639002
TRINITY_DN4547_c0_g1_i4 0.05 0.03 0.0279542864208352 -5.16078667150266
TRINITY_DN45564_c0_g2_i2 0.05 0.03 0.0279542864208352 -5.16078667150266
TRINITY_DN45712_c0_g1_i1 0.03 0.02 0.0167725718525011 -5.89775226566886
TRINITY_DN45750_c0_g1_i4 0.04 0.02 0.0223634291366682 -5.48271476639002
TRINITY_DN45788_c2_g1_i2 0.04 0.02 0.0223634291366682 -5.48271476639002
TRINITY_DN45952_c0_g1_i1 0.05 0.03 0.0279542864208352 -5.16078667150266
TRINITY_DN45956_c0_g1_i3 0.04 0.03 0.0223634291366682 -5.48271476639002
TRINITY_DN4597_c0_g1_i5 0.03 0.02 0.0167725718525011 -5.89775226566886
TRINITY_DN45_c0_g1_i6 0.03 0.02 0.0167725718525011 -5.89775226566886
TRINITY_DN4609_c0_g1_i7 0.04 0.03 0.0223634291366682 -5.48271476639002
TRINITY_DN46205_c0_g1_i1 0.05 0.03 0.0279542864208352 -5.16078667150266
TRINITY_DN46269_c0_g2_i1 0.05 0.03 0.0279542864208352 -5.16078667150266
TRINITY_DN4633_c1_g1_i2 0.05 0.03 0.0279542864208352 -5.16078667150266
TRINITY_DN46429_c0_g2_i1 0.05 0.03 0.0279542864208352 -5.16078667150266
TRINITY_DN4650_c0_g1_i1 0.04 0.02 0.0223634291366682 -5.48271476639002
TRINITY_DN46518_c4_g1_i1 0.05 0.03 0.0279542864208352 -5.16078667150266
TRINITY_DN4662_c0_g1_i3 0.05 0.03 0.0279542864208352 -5.16078667150266
TRINITY_DN4662_c0_g1_i8 0.03 0.02 0.0167725718525011 -5.89775226566886
TRINITY_DN46679_c0_g1_i5 0.05 0.03 0.0279542864208352 -5.16078667150266
TRINITY_DN46715_c0_g1_i1 0.05 0.03 0.0279542864208352 -5.16078667150266
TRINITY_DN46751_c1_g1_i1 0.04 0.02 0.0223634291366682 -5.48271476639002
TRINITY_DN4710_c0_g1_i2 0.05 0.03 0.0279542864208352 -5.16078667150266
TRINITY_DN4719_c0_g1_i2 0.02 0.01 0.0111817145683341 -6.48271476639002
TRINITY_DN4719_c0_g1_i7 0.04 0.02 0.0223634291366682 -5.48271476639002
TRINITY_DN4721_c0_g1_i7 0.04 0.03 0.0223634291366682 -5.48271476639002
TRINITY_DN47239_c0_g2_i3 0.04 0.02 0.0223634291366682 -5.48271476639002
TRINITY_DN47245_c0_g1_i1 0.05 0.03 0.0279542864208352 -5.16078667150266
TRINITY_DN47296_c1_g1_i2 0.05 0.03 0.0279542864208352 -5.16078667150266
TRINITY_DN47331_c1_g2_i1 0.05 0.03 0.0279542864208352 -5.16078667150266
TRINITY_DN47406_c0_g1_i2 0.05 0.03 0.0279542864208352 -5.16078667150266
TRINITY_DN47464_c0_g1_i1 0.05 0.03 0.0279542864208352 -5.16078667150266
TRINITY_DN47508_c0_g1_i1 0.05 0.03 0.0279542864208352 -5.16078667150266
TRINITY_DN47661_c0_g1_i5 0.04 0.02 0.0223634291366682 -5.48271476639002
TRINITY_DN47662_c0_g2_i1 0.04 0.02 0.0223634291366682 -5.48271476639002
TRINITY_DN47704_c0_g1_i18 0.05 0.03 0.0279542864208352 -5.16078667150266
TRINITY_DN4782_c1_g1_i1 0.01 0.01 0.00559085728416705 -7.48271476639002
TRINITY_DN4785_c0_g1_i4 0.04 0.03 0.0223634291366682 -5.48271476639002
TRINITY_DN48198_c0_g1_i2 0.03 0.02 0.0167725718525011 -5.89775226566886
TRINITY_DN48420_c0_g1_i1 0.05 0.03 0.0279542864208352 -5.16078667150266
TRINITY_DN48474_c0_g1_i1 0.04 0.03 0.0223634291366682 -5.48271476639002
TRINITY_DN4851_c0_g4_i5 0.05 0.03 0.0279542864208352 -5.16078667150266
TRINITY_DN48554_c0_g1_i1 0.05 0.03 0.0279542864208352 -5.16078667150266
TRINITY_DN4863_c0_g1_i4 0.05 0.03 0.0279542864208352 -5.16078667150266
TRINITY_DN48780_c0_g1_i1 0.03 0.02 0.0167725718525011 -5.89775226566886
TRINITY_DN48783_c0_g1_i1 0.05 0.03 0.0279542864208352 -5.16078667150266
TRINITY_DN48978_c0_g5_i1 0.05 0.03 0.0279542864208352 -5.16078667150266
TRINITY_DN489_c0_g2_i2 0.05 0.03 0.0279542864208352 -5.16078667150266
TRINITY_DN48_c0_g1_i3 0.05 0.03 0.0279542864208352 -5.16078667150266
TRINITY_DN49332_c0_g2_i1 0.04 0.02 0.0223634291366682 -5.48271476639002
TRINITY_DN49375_c0_g1_i4 0.05 0.03 0.0279542864208352 -5.16078667150266
TRINITY_DN49497_c0_g1_i2 0.05 0.03 0.0279542864208352 -5.16078667150266
TRINITY_DN4949_c2_g1_i3 0.05 0.03 0.0279542864208352 -5.16078667150266
TRINITY_DN4966_c0_g1_i4 0.05 0.03 0.0279542864208352 -5.16078667150266
TRINITY_DN49861_c0_g1_i1 0.05 0.03 0.0279542864208352 -5.16078667150266
TRINITY_DN49903_c0_g2_i1 0.04 0.03 0.0223634291366682 -5.48271476639002
TRINITY_DN4993_c0_g1_i7 0.03 0.02 0.0167725718525011 -5.89775226566886
TRINITY_DN5040_c0_g1_i1 0.03 0.02 0.0167725718525011 -5.89775226566886
TRINITY_DN50420_c2_g2_i1 0.05 0.03 0.0279542864208352 -5.16078667150266
TRINITY_DN50545_c0_g1_i3 0.04 0.03 0.0223634291366682 -5.48271476639002
TRINITY_DN5061_c0_g1_i2 0.05 0.03 0.0279542864208352 -5.16078667150266
TRINITY_DN5067_c1_g1_i4 0.05 0.03 0.0279542864208352 -5.16078667150266
TRINITY_DN51164_c0_g1_i3 0.01 0.01 0.00559085728416705 -7.48271476639002
TRINITY_DN51164_c0_g1_i9 0.05 0.03 0.0279542864208352 -5.16078667150266
TRINITY_DN51175_c0_g1_i1 0.05 0.03 0.0279542864208352 -5.16078667150266
TRINITY_DN51198_c0_g3_i1 0.04 0.03 0.0223634291366682 -5.48271476639002
TRINITY_DN51275_c0_g1_i1 0.05 0.03 0.0279542864208352 -5.16078667150266
TRINITY_DN5138_c0_g2_i12 0.03 0.02 0.0167725718525011 -5.89775226566886
TRINITY_DN5140_c0_g1_i32 0.03 0.02 0.0167725718525011 -5.89775226566886
TRINITY_DN51418_c1_g1_i1 0.05 0.03 0.0279542864208352 -5.16078667150266
TRINITY_DN51521_c0_g2_i1 0.05 0.03 0.0279542864208352 -5.16078667150266
TRINITY_DN5154_c1_g1_i3 0.05 0.03 0.0279542864208352 -5.16078667150266
TRINITY_DN51616_c0_g1_i3 0.05 0.03 0.0279542864208352 -5.16078667150266
TRINITY_DN51618_c0_g2_i2 0.02 0.01 0.0111817145683341 -6.48271476639002
TRINITY_DN51629_c0_g2_i1 0.05 0.03 0.0279542864208352 -5.16078667150266
TRINITY_DN51653_c0_g1_i1 0.05 0.03 0.0279542864208352 -5.16078667150266
TRINITY_DN51668_c0_g1_i1 0.05 0.03 0.0279542864208352 -5.16078667150266
TRINITY_DN51847_c0_g1_i1 0.05 0.03 0.0279542864208352 -5.16078667150266
TRINITY_DN51865_c1_g1_i2 0.03 0.02 0.0167725718525011 -5.89775226566886
TRINITY_DN52058_c0_g1_i1 0.03 0.02 0.0167725718525011 -5.89775226566886
TRINITY_DN52069_c1_g1_i2 0.04 0.02 0.0223634291366682 -5.48271476639002
TRINITY_DN52128_c0_g1_i1 0.02 0.01 0.0111817145683341 -6.48271476639002
TRINITY_DN5215_c0_g1_i14 0.03 0.02 0.0167725718525011 -5.89775226566886
TRINITY_DN52339_c0_g1_i3 0.05 0.03 0.0279542864208352 -5.16078667150266
TRINITY_DN52358_c0_g2_i1 0.02 0.01 0.0111817145683341 -6.48271476639002
TRINITY_DN52456_c0_g1_i1 0.03 0.02 0.0167725718525011 -5.89775226566886
TRINITY_DN5277_c0_g2_i1 0.05 0.03 0.0279542864208352 -5.16078667150266
TRINITY_DN52790_c0_g1_i3 0.04 0.03 0.0223634291366682 -5.48271476639002
TRINITY_DN5286_c0_g1_i11 0.02 0.01 0.0111817145683341 -6.48271476639002
TRINITY_DN53138_c0_g2_i18 0.04 0.02 0.0223634291366682 -5.48271476639002
TRINITY_DN53138_c0_g3_i2 0.05 0.03 0.0279542864208352 -5.16078667150266
TRINITY_DN53166_c1_g2_i1 0.03 0.02 0.0167725718525011 -5.89775226566886
TRINITY_DN53461_c0_g1_i4 0.03 0.02 0.0167725718525011 -5.89775226566886
TRINITY_DN53603_c0_g2_i1 0.04 0.03 0.0223634291366682 -5.48271476639002
TRINITY_DN537_c0_g1_i3 0.04 0.03 0.0223634291366682 -5.48271476639002
TRINITY_DN537_c0_g1_i4 0.03 0.02 0.0167725718525011 -5.89775226566886
TRINITY_DN53998_c0_g1_i3 0.04 0.02 0.0223634291366682 -5.48271476639002
TRINITY_DN54025_c0_g2_i1 0.05 0.03 0.0279542864208352 -5.16078667150266
TRINITY_DN54078_c0_g1_i1 0.05 0.03 0.0279542864208352 -5.16078667150266
TRINITY_DN5424_c0_g1_i9 0.04 0.03 0.0223634291366682 -5.48271476639002
TRINITY_DN5447_c0_g6_i1 0.03 0.02 0.0167725718525011 -5.89775226566886
TRINITY_DN5454_c0_g1_i4 0.04 0.02 0.0223634291366682 -5.48271476639002
TRINITY_DN54755_c0_g3_i1 0.03 0.02 0.0167725718525011 -5.89775226566886
TRINITY_DN547_c1_g1_i1 0.04 0.03 0.0223634291366682 -5.48271476639002
TRINITY_DN54924_c2_g1_i1 0.05 0.03 0.0279542864208352 -5.16078667150266
TRINITY_DN549_c0_g1_i4 0.05 0.03 0.0279542864208352 -5.16078667150266
TRINITY_DN55130_c0_g5_i1 0.03 0.02 0.0167725718525011 -5.89775226566886
TRINITY_DN5518_c0_g1_i6 0.03 0.02 0.0167725718525011 -5.89775226566886
TRINITY_DN55195_c2_g1_i1 0.05 0.03 0.0279542864208352 -5.16078667150266
TRINITY_DN55293_c0_g1_i1 0.04 0.03 0.0223634291366682 -5.48271476639002
TRINITY_DN55524_c0_g2_i1 0.03 0.02 0.0167725718525011 -5.89775226566886
TRINITY_DN55542_c0_g1_i2 0.04 0.02 0.0223634291366682 -5.48271476639002
TRINITY_DN56090_c0_g1_i1 0.04 0.02 0.0223634291366682 -5.48271476639002
TRINITY_DN560_c0_g2_i4 0.01 0.01 0.00559085728416705 -7.48271476639002
TRINITY_DN5611_c0_g1_i11 0.03 0.02 0.0167725718525011 -5.89775226566886
TRINITY_DN5611_c0_g1_i3 0.02 0.01 0.0111817145683341 -6.48271476639002
TRINITY_DN56136_c0_g1_i1 0.05 0.03 0.0279542864208352 -5.16078667150266
TRINITY_DN56243_c1_g1_i2 0.03 0.02 0.0167725718525011 -5.89775226566886
TRINITY_DN5639_c2_g1_i2 0.05 0.03 0.0279542864208352 -5.16078667150266
TRINITY_DN56689_c2_g2_i1 0.05 0.03 0.0279542864208352 -5.16078667150266
TRINITY_DN5674_c0_g1_i2 0.01 0.01 0.00559085728416705 -7.48271476639002
TRINITY_DN56830_c0_g1_i1 0.04 0.03 0.0223634291366682 -5.48271476639002
TRINITY_DN5691_c0_g1_i5 0.05 0.03 0.0279542864208352 -5.16078667150266
TRINITY_DN56975_c0_g1_i1 0.05 0.03 0.0279542864208352 -5.16078667150266
TRINITY_DN5712_c3_g1_i1 0.05 0.03 0.0279542864208352 -5.16078667150266
TRINITY_DN5720_c0_g3_i5 0.04 0.03 0.0223634291366682 -5.48271476639002
TRINITY_DN57230_c2_g2_i1 0.04 0.02 0.0223634291366682 -5.48271476639002
TRINITY_DN57284_c0_g2_i1 0.05 0.03 0.0279542864208352 -5.16078667150266
TRINITY_DN575_c0_g1_i11 0.03 0.02 0.0167725718525011 -5.89775226566886
TRINITY_DN5773_c0_g1_i15 0.02 0.01 0.0111817145683341 -6.48271476639002
TRINITY_DN57911_c0_g2_i1 0.04 0.03 0.0223634291366682 -5.48271476639002
TRINITY_DN580_c0_g1_i2 0.04 0.03 0.0223634291366682 -5.48271476639002
TRINITY_DN58133_c2_g1_i2 0.04 0.03 0.0223634291366682 -5.48271476639002
TRINITY_DN58654_c0_g1_i1 0.04 0.03 0.0223634291366682 -5.48271476639002
TRINITY_DN58924_c0_g1_i1 0.05 0.03 0.0279542864208352 -5.16078667150266
TRINITY_DN58957_c0_g1_i1 0.04 0.03 0.0223634291366682 -5.48271476639002
TRINITY_DN5898_c0_g1_i12 0.04 0.02 0.0223634291366682 -5.48271476639002
TRINITY_DN5901_c0_g1_i3 0.04 0.02 0.0223634291366682 -5.48271476639002
TRINITY_DN5926_c0_g3_i1 0.05 0.03 0.0279542864208352 -5.16078667150266
TRINITY_DN59303_c0_g1_i1 0.05 0.03 0.0279542864208352 -5.16078667150266
TRINITY_DN59329_c0_g1_i3 0.05 0.03 0.0279542864208352 -5.16078667150266
TRINITY_DN59339_c0_g2_i1 0.04 0.02 0.0223634291366682 -5.48271476639002
TRINITY_DN59404_c0_g2_i1 0.02 0.01 0.0111817145683341 -6.48271476639002
TRINITY_DN5957_c0_g1_i9 0.03 0.02 0.0167725718525011 -5.89775226566886
TRINITY_DN59689_c0_g3_i1 0.03 0.02 0.0167725718525011 -5.89775226566886
TRINITY_DN596_c0_g1_i1 0.01 0 0.00559085728416705 -7.48271476639002
TRINITY_DN59702_c2_g3_i1 0.04 0.02 0.0223634291366682 -5.48271476639002
TRINITY_DN5971_c0_g2_i2 0.01 0 0.00559085728416705 -7.48271476639002
TRINITY_DN5995_c0_g1_i21 0.05 0.03 0.0279542864208352 -5.16078667150266
TRINITY_DN5995_c0_g1_i23 0.01 0.01 0.00559085728416705 -7.48271476639002
TRINITY_DN5995_c0_g1_i3 0.02 0.02 0.0111817145683341 -6.48271476639002
TRINITY_DN60150_c1_g3_i2 0.05 0.03 0.0279542864208352 -5.16078667150266
TRINITY_DN60521_c0_g3_i2 0.05 0.03 0.0279542864208352 -5.16078667150266
TRINITY_DN60531_c0_g1_i4 0.05 0.03 0.0279542864208352 -5.16078667150266
TRINITY_DN609_c0_g1_i8 0.05 0.03 0.0279542864208352 -5.16078667150266
TRINITY_DN61059_c0_g1_i7 0.04 0.03 0.0223634291366682 -5.48271476639002
TRINITY_DN6108_c1_g1_i4 0.03 0.02 0.0167725718525011 -5.89775226566886
TRINITY_DN61101_c0_g3_i1 0.04 0.02 0.0223634291366682 -5.48271476639002
TRINITY_DN6110_c0_g2_i14 0.04 0.03 0.0223634291366682 -5.48271476639002
TRINITY_DN61409_c0_g1_i1 0.05 0.03 0.0279542864208352 -5.16078667150266
TRINITY_DN6143_c6_g1_i1 0.05 0.03 0.0279542864208352 -5.16078667150266
TRINITY_DN61475_c0_g1_i1 0.04 0.03 0.0223634291366682 -5.48271476639002
TRINITY_DN615_c0_g1_i1 0.02 0.01 0.0111817145683341 -6.48271476639002
TRINITY_DN62150_c0_g2_i10 0.03 0.02 0.0167725718525011 -5.89775226566886
TRINITY_DN62389_c1_g2_i1 0.05 0.03 0.0279542864208352 -5.16078667150266
TRINITY_DN623_c1_g1_i10 0.04 0.03 0.0223634291366682 -5.48271476639002
TRINITY_DN62429_c0_g1_i8 0.01 0.01 0.00559085728416705 -7.48271476639002
TRINITY_DN6248_c2_g1_i8 0.03 0.02 0.0167725718525011 -5.89775226566886
TRINITY_DN62573_c1_g1_i5 0.03 0.02 0.0167725718525011 -5.89775226566886
TRINITY_DN6259_c1_g2_i1 0.04 0.03 0.0223634291366682 -5.48271476639002
TRINITY_DN62654_c0_g2_i2 0.05 0.03 0.0279542864208352 -5.16078667150266
TRINITY_DN62927_c0_g1_i1 0.05 0.03 0.0279542864208352 -5.16078667150266
TRINITY_DN6295_c0_g3_i1 0.04 0.03 0.0223634291366682 -5.48271476639002
TRINITY_DN63272_c0_g1_i1 0.03 0.02 0.0167725718525011 -5.89775226566886
TRINITY_DN63531_c0_g6_i1 0.04 0.02 0.0223634291366682 -5.48271476639002
TRINITY_DN63556_c0_g1_i1 0.05 0.03 0.0279542864208352 -5.16078667150266
TRINITY_DN63825_c0_g4_i1 0.04 0.03 0.0223634291366682 -5.48271476639002
TRINITY_DN63980_c0_g2_i4 0.05 0.03 0.0279542864208352 -5.16078667150266
TRINITY_DN63_c0_g3_i2 0.05 0.03 0.0279542864208352 -5.16078667150266
TRINITY_DN6421_c0_g1_i1 0.03 0.02 0.0167725718525011 -5.89775226566886
TRINITY_DN6437_c0_g1_i8 0.05 0.03 0.0279542864208352 -5.16078667150266
TRINITY_DN64459_c0_g1_i4 0.04 0.02 0.0223634291366682 -5.48271476639002
TRINITY_DN646_c0_g1_i1 0.03 0.02 0.0167725718525011 -5.89775226566886
TRINITY_DN6496_c0_g1_i6 0.05 0.03 0.0279542864208352 -5.16078667150266
TRINITY_DN6503_c1_g1_i12 0.03 0.02 0.0167725718525011 -5.89775226566886
TRINITY_DN6503_c1_g1_i2 0.04 0.03 0.0223634291366682 -5.48271476639002
TRINITY_DN65047_c0_g1_i4 0.04 0.02 0.0223634291366682 -5.48271476639002
TRINITY_DN6509_c0_g1_i4 0.05 0.03 0.0279542864208352 -5.16078667150266
TRINITY_DN65164_c0_g1_i2 0.04 0.03 0.0223634291366682 -5.48271476639002
TRINITY_DN65223_c0_g1_i2 0.04 0.02 0.0223634291366682 -5.48271476639002
TRINITY_DN65328_c1_g1_i1 0.01 0.01 0.00559085728416705 -7.48271476639002
TRINITY_DN65361_c0_g4_i1 0.03 0.02 0.0167725718525011 -5.89775226566886
TRINITY_DN65437_c0_g1_i1 0.04 0.02 0.0223634291366682 -5.48271476639002
TRINITY_DN6547_c1_g1_i7 0.01 0 0.00559085728416705 -7.48271476639002
TRINITY_DN65562_c0_g3_i1 0.04 0.03 0.0223634291366682 -5.48271476639002
TRINITY_DN65792_c0_g1_i1 0.05 0.03 0.0279542864208352 -5.16078667150266
TRINITY_DN65792_c0_g1_i2 0.04 0.03 0.0223634291366682 -5.48271476639002
TRINITY_DN65_c1_g1_i3 0.05 0.03 0.0279542864208352 -5.16078667150266
TRINITY_DN66223_c0_g1_i6 0.03 0.02 0.0167725718525011 -5.89775226566886
TRINITY_DN66286_c0_g2_i4 0.05 0.03 0.0279542864208352 -5.16078667150266
TRINITY_DN66286_c0_g3_i4 0.03 0.02 0.0167725718525011 -5.89775226566886
TRINITY_DN6629_c0_g1_i4 0.03 0.02 0.0167725718525011 -5.89775226566886
TRINITY_DN6648_c0_g1_i2 0.01 0 0.00559085728416705 -7.48271476639002
TRINITY_DN66_c0_g1_i4 0.02 0.02 0.0111817145683341 -6.48271476639002
TRINITY_DN6716_c0_g3_i1 0.04 0.03 0.0223634291366682 -5.48271476639002
TRINITY_DN67381_c0_g1_i1 0.04 0.03 0.0223634291366682 -5.48271476639002
TRINITY_DN67404_c0_g1_i2 0.05 0.03 0.0279542864208352 -5.16078667150266
TRINITY_DN67770_c1_g3_i1 0.04 0.03 0.0223634291366682 -5.48271476639002
TRINITY_DN6781_c0_g1_i3 0.02 0.01 0.0111817145683341 -6.48271476639002
TRINITY_DN67992_c0_g1_i4 0.04 0.02 0.0223634291366682 -5.48271476639002
TRINITY_DN6806_c0_g1_i2 0.05 0.03 0.0279542864208352 -5.16078667150266
TRINITY_DN6815_c1_g1_i2 0.04 0.03 0.0223634291366682 -5.48271476639002
TRINITY_DN6859_c0_g1_i29 0.05 0.03 0.0279542864208352 -5.16078667150266
TRINITY_DN69080_c0_g1_i1 0.05 0.03 0.0279542864208352 -5.16078667150266
TRINITY_DN69179_c0_g1_i1 0.04 0.03 0.0223634291366682 -5.48271476639002
TRINITY_DN69203_c0_g1_i4 0.04 0.02 0.0223634291366682 -5.48271476639002
TRINITY_DN693_c0_g1_i1 0.04 0.02 0.0223634291366682 -5.48271476639002
TRINITY_DN693_c0_g1_i3 0.03 0.02 0.0167725718525011 -5.89775226566886
TRINITY_DN6966_c0_g1_i10 0.05 0.03 0.0279542864208352 -5.16078667150266
TRINITY_DN6971_c0_g1_i6 0.04 0.02 0.0223634291366682 -5.48271476639002
TRINITY_DN6989_c0_g1_i1 0.04 0.03 0.0223634291366682 -5.48271476639002
TRINITY_DN698_c0_g1_i6 0.03 0.02 0.0167725718525011 -5.89775226566886
TRINITY_DN7055_c0_g2_i1 0.05 0.03 0.0279542864208352 -5.16078667150266
TRINITY_DN70591_c0_g1_i4 0.02 0.01 0.0111817145683341 -6.48271476639002
TRINITY_DN70598_c0_g2_i1 0.03 0.02 0.0167725718525011 -5.89775226566886
TRINITY_DN7069_c0_g1_i8 0.04 0.03 0.0223634291366682 -5.48271476639002
TRINITY_DN7075_c1_g1_i1 0.03 0.02 0.0167725718525011 -5.89775226566886
TRINITY_DN70828_c0_g1_i1 0.04 0.02 0.0223634291366682 -5.48271476639002
TRINITY_DN7104_c0_g1_i1 0.04 0.03 0.0223634291366682 -5.48271476639002
TRINITY_DN7108_c0_g6_i1 0.03 0.02 0.0167725718525011 -5.89775226566886
TRINITY_DN71155_c0_g1_i1 0.03 0.02 0.0167725718525011 -5.89775226566886
TRINITY_DN71193_c0_g1_i2 0.04 0.03 0.0223634291366682 -5.48271476639002
TRINITY_DN71241_c0_g1_i1 0.04 0.02 0.0223634291366682 -5.48271476639002
TRINITY_DN71319_c0_g1_i1 0.05 0.03 0.0279542864208352 -5.16078667150266
TRINITY_DN71471_c0_g1_i1 0.04 0.03 0.0223634291366682 -5.48271476639002
TRINITY_DN7152_c0_g1_i5 0.02 0.01 0.0111817145683341 -6.48271476639002
TRINITY_DN716_c1_g2_i12 0.05 0.03 0.0279542864208352 -5.16078667150266
TRINITY_DN72011_c2_g1_i1 0.03 0.02 0.0167725718525011 -5.89775226566886
TRINITY_DN72056_c0_g1_i2 0.04 0.03 0.0223634291366682 -5.48271476639002
TRINITY_DN72311_c0_g1_i1 0.04 0.03 0.0223634291366682 -5.48271476639002
TRINITY_DN72519_c0_g1_i1 0.04 0.03 0.0223634291366682 -5.48271476639002
TRINITY_DN7262_c3_g1_i1 0.04 0.02 0.0223634291366682 -5.48271476639002
TRINITY_DN7319_c1_g1_i1 0.05 0.03 0.0279542864208352 -5.16078667150266
TRINITY_DN7324_c0_g1_i7 0.04 0.03 0.0223634291366682 -5.48271476639002
TRINITY_DN73638_c0_g2_i1 0.05 0.03 0.0279542864208352 -5.16078667150266
TRINITY_DN73643_c1_g4_i1 0.05 0.03 0.0279542864208352 -5.16078667150266
TRINITY_DN7365_c0_g2_i5 0.05 0.03 0.0279542864208352 -5.16078667150266
TRINITY_DN73728_c0_g1_i1 0.05 0.03 0.0279542864208352 -5.16078667150266
TRINITY_DN7402_c0_g1_i1 0.04 0.03 0.0223634291366682 -5.48271476639002
TRINITY_DN7407_c0_g1_i2 0.05 0.03 0.0279542864208352 -5.16078667150266
TRINITY_DN74167_c0_g1_i1 0.05 0.03 0.0279542864208352 -5.16078667150266
TRINITY_DN74672_c0_g1_i1 0.05 0.03 0.0279542864208352 -5.16078667150266
TRINITY_DN74691_c0_g1_i1 0.05 0.03 0.0279542864208352 -5.16078667150266
TRINITY_DN74775_c0_g1_i1 0.05 0.03 0.0279542864208352 -5.16078667150266
TRINITY_DN74799_c0_g1_i1 0.05 0.03 0.0279542864208352 -5.16078667150266
TRINITY_DN747_c0_g1_i11 0.01 0 0.00559085728416705 -7.48271476639002
TRINITY_DN7519_c0_g1_i5 0.02 0.01 0.0111817145683341 -6.48271476639002
TRINITY_DN75274_c0_g2_i3 0.04 0.03 0.0223634291366682 -5.48271476639002
TRINITY_DN75344_c1_g1_i1 0.05 0.03 0.0279542864208352 -5.16078667150266
TRINITY_DN7536_c0_g1_i5 0.05 0.03 0.0279542864208352 -5.16078667150266
TRINITY_DN76029_c0_g1_i2 0.05 0.03 0.0279542864208352 -5.16078667150266
TRINITY_DN76587_c0_g1_i1 0.05 0.03 0.0279542864208352 -5.16078667150266
TRINITY_DN766_c0_g1_i4 0.03 0.02 0.0167725718525011 -5.89775226566886
TRINITY_DN772_c0_g1_i15 0.01 0 0.00559085728416705 -7.48271476639002
TRINITY_DN7737_c0_g2_i11 0.05 0.03 0.0279542864208352 -5.16078667150266
TRINITY_DN7808_c0_g1_i10 0.01 0.01 0.00559085728416705 -7.48271476639002
TRINITY_DN781_c0_g2_i1 0.05 0.03 0.0279542864208352 -5.16078667150266
TRINITY_DN7820_c0_g1_i7 0.01 0 0.00559085728416705 -7.48271476639002
TRINITY_DN7821_c1_g3_i1 0.04 0.03 0.0223634291366682 -5.48271476639002
TRINITY_DN78356_c0_g2_i2 0.02 0.02 0.0111817145683341 -6.48271476639002
TRINITY_DN78368_c0_g1_i1 0.04 0.03 0.0223634291366682 -5.48271476639002
TRINITY_DN7876_c0_g1_i11 0.03 0.02 0.0167725718525011 -5.89775226566886
TRINITY_DN7876_c0_g1_i3 0.04 0.02 0.0223634291366682 -5.48271476639002
TRINITY_DN7961_c0_g1_i4 0.05 0.03 0.0279542864208352 -5.16078667150266
TRINITY_DN80028_c0_g1_i7 0.04 0.03 0.0223634291366682 -5.48271476639002
TRINITY_DN8004_c0_g1_i6 0.05 0.03 0.0279542864208352 -5.16078667150266
TRINITY_DN80222_c0_g1_i3 0.02 0.02 0.0111817145683341 -6.48271476639002
TRINITY_DN80463_c0_g2_i6 0.05 0.03 0.0279542864208352 -5.16078667150266
TRINITY_DN80568_c1_g1_i1 0.05 0.03 0.0279542864208352 -5.16078667150266
TRINITY_DN8063_c0_g1_i13 0.05 0.03 0.0279542864208352 -5.16078667150266
TRINITY_DN8106_c0_g1_i4 0.02 0.01 0.0111817145683341 -6.48271476639002
TRINITY_DN81103_c0_g1_i1 0.05 0.03 0.0279542864208352 -5.16078667150266
TRINITY_DN81113_c0_g1_i1 0.03 0.02 0.0167725718525011 -5.89775226566886
TRINITY_DN8112_c0_g2_i1 0.05 0.03 0.0279542864208352 -5.16078667150266
TRINITY_DN81269_c0_g1_i4 0.02 0.01 0.0111817145683341 -6.48271476639002
TRINITY_DN8150_c0_g1_i13 0.04 0.03 0.0223634291366682 -5.48271476639002
TRINITY_DN81517_c0_g1_i3 0.03 0.02 0.0167725718525011 -5.89775226566886
TRINITY_DN81678_c0_g1_i1 0.04 0.02 0.0223634291366682 -5.48271476639002
TRINITY_DN8198_c0_g1_i3 0.04 0.03 0.0223634291366682 -5.48271476639002
TRINITY_DN81_c0_g1_i11 0.01 0 0.00559085728416705 -7.48271476639002
TRINITY_DN8216_c0_g1_i5 0.03 0.02 0.0167725718525011 -5.89775226566886
TRINITY_DN821_c0_g1_i15 0.01 0 0.00559085728416705 -7.48271476639002
TRINITY_DN821_c0_g1_i17 0.02 0.01 0.0111817145683341 -6.48271476639002
TRINITY_DN821_c0_g1_i23 0.01 0 0.00559085728416705 -7.48271476639002
TRINITY_DN821_c0_g1_i24 0.04 0.03 0.0223634291366682 -5.48271476639002
TRINITY_DN821_c0_g1_i25 0.01 0.01 0.00559085728416705 -7.48271476639002
TRINITY_DN82256_c0_g1_i3 0.04 0.02 0.0223634291366682 -5.48271476639002
TRINITY_DN8229_c0_g1_i7 0.01 0 0.00559085728416705 -7.48271476639002
TRINITY_DN8260_c0_g1_i5 0.02 0.01 0.0111817145683341 -6.48271476639002
TRINITY_DN8283_c1_g1_i1 0.05 0.03 0.0279542864208352 -5.16078667150266
TRINITY_DN82966_c0_g1_i1 0.04 0.03 0.0223634291366682 -5.48271476639002
TRINITY_DN82966_c0_g1_i4 0.05 0.03 0.0279542864208352 -5.16078667150266
TRINITY_DN83380_c1_g1_i1 0.03 0.02 0.0167725718525011 -5.89775226566886
TRINITY_DN8368_c1_g2_i2 0.05 0.03 0.0279542864208352 -5.16078667150266
TRINITY_DN8369_c0_g1_i21 0.03 0.02 0.0167725718525011 -5.89775226566886
TRINITY_DN8375_c0_g1_i13 0.03 0.02 0.0167725718525011 -5.89775226566886
TRINITY_DN84048_c0_g2_i1 0.04 0.02 0.0223634291366682 -5.48271476639002
TRINITY_DN8460_c0_g1_i13 0.03 0.02 0.0167725718525011 -5.89775226566886
TRINITY_DN85050_c0_g2_i1 0.05 0.03 0.0279542864208352 -5.16078667150266
TRINITY_DN8507_c3_g1_i1 0.04 0.02 0.0223634291366682 -5.48271476639002
TRINITY_DN85217_c1_g1_i1 0.05 0.03 0.0279542864208352 -5.16078667150266
TRINITY_DN856_c0_g2_i2 0.05 0.03 0.0279542864208352 -5.16078667150266
TRINITY_DN857_c0_g1_i1 0.05 0.03 0.0279542864208352 -5.16078667150266
TRINITY_DN8623_c0_g1_i1 0.02 0.01 0.0111817145683341 -6.48271476639002
TRINITY_DN8637_c0_g2_i3 0.05 0.03 0.0279542864208352 -5.16078667150266
TRINITY_DN86571_c0_g2_i1 0.04 0.02 0.0223634291366682 -5.48271476639002
TRINITY_DN869_c0_g1_i1 0.03 0.02 0.0167725718525011 -5.89775226566886
TRINITY_DN869_c0_g1_i6 0.01 0.01 0.00559085728416705 -7.48271476639002
TRINITY_DN8723_c0_g1_i16 0.03 0.02 0.0167725718525011 -5.89775226566886
TRINITY_DN8764_c0_g1_i6 0.05 0.03 0.0279542864208352 -5.16078667150266
TRINITY_DN8769_c0_g1_i8 0.03 0.02 0.0167725718525011 -5.89775226566886
TRINITY_DN87833_c0_g2_i1 0.05 0.03 0.0279542864208352 -5.16078667150266
TRINITY_DN88197_c0_g3_i1 0.03 0.02 0.0167725718525011 -5.89775226566886
TRINITY_DN88677_c0_g1_i1 0.04 0.02 0.0223634291366682 -5.48271476639002
TRINITY_DN886_c2_g1_i15 0.01 0.01 0.00559085728416705 -7.48271476639002
TRINITY_DN88812_c0_g1_i2 0.03 0.02 0.0167725718525011 -5.89775226566886
TRINITY_DN88988_c1_g1_i1 0.02 0.02 0.0111817145683341 -6.48271476639002
TRINITY_DN8975_c0_g1_i3 0.01 0.01 0.00559085728416705 -7.48271476639002
TRINITY_DN8980_c2_g1_i2 0.03 0.02 0.0167725718525011 -5.89775226566886
TRINITY_DN9021_c1_g2_i1 0.05 0.03 0.0279542864208352 -5.16078667150266
TRINITY_DN90813_c1_g1_i3 0.05 0.03 0.0279542864208352 -5.16078667150266
TRINITY_DN91016_c0_g1_i1 0.02 0.01 0.0111817145683341 -6.48271476639002
TRINITY_DN9153_c0_g2_i1 0.05 0.03 0.0279542864208352 -5.16078667150266
TRINITY_DN91542_c0_g3_i1 0.05 0.03 0.0279542864208352 -5.16078667150266
TRINITY_DN917_c0_g1_i4 0.01 0 0.00559085728416705 -7.48271476639002
TRINITY_DN9189_c0_g1_i2 0.05 0.03 0.0279542864208352 -5.16078667150266
TRINITY_DN9195_c0_g2_i3 0.04 0.02 0.0223634291366682 -5.48271476639002
TRINITY_DN92090_c0_g1_i1 0.05 0.03 0.0279542864208352 -5.16078667150266
TRINITY_DN92224_c0_g1_i1 0.05 0.03 0.0279542864208352 -5.16078667150266
TRINITY_DN92569_c0_g2_i1 0.05 0.03 0.0279542864208352 -5.16078667150266
TRINITY_DN9267_c0_g3_i4 0.02 0.01 0.0111817145683341 -6.48271476639002
TRINITY_DN9283_c0_g1_i2 0.02 0.01 0.0111817145683341 -6.48271476639002
TRINITY_DN9283_c0_g1_i6 0.03 0.02 0.0167725718525011 -5.89775226566886
TRINITY_DN9283_c0_g1_i8 0.03 0.02 0.0167725718525011 -5.89775226566886
TRINITY_DN9352_c0_g1_i10 0.05 0.03 0.0279542864208352 -5.16078667150266
TRINITY_DN9358_c0_g2_i13 0.02 0.01 0.0111817145683341 -6.48271476639002
TRINITY_DN9358_c0_g2_i16 0.03 0.02 0.0167725718525011 -5.89775226566886
TRINITY_DN9358_c0_g2_i6 0.04 0.03 0.0223634291366682 -5.48271476639002
TRINITY_DN9578_c0_g1_i9 0.03 0.02 0.0167725718525011 -5.89775226566886
TRINITY_DN95816_c0_g1_i1 0.03 0.02 0.0167725718525011 -5.89775226566886
TRINITY_DN9649_c0_g1_i3 0.02 0.01 0.0111817145683341 -6.48271476639002
TRINITY_DN964_c0_g1_i6 0.04 0.02 0.0223634291366682 -5.48271476639002
TRINITY_DN9653_c0_g1_i7 0.03 0.02 0.0167725718525011 -5.89775226566886
TRINITY_DN9662_c0_g1_i2 0.04 0.02 0.0223634291366682 -5.48271476639002
TRINITY_DN97025_c0_g1_i1 0.04 0.02 0.0223634291366682 -5.48271476639002
TRINITY_DN97032_c0_g1_i2 0.04 0.02 0.0223634291366682 -5.48271476639002
TRINITY_DN97032_c0_g1_i4 0.02 0.01 0.0111817145683341 -6.48271476639002
TRINITY_DN9718_c0_g1_i2 0.04 0.03 0.0223634291366682 -5.48271476639002
TRINITY_DN9733_c0_g1_i1 0.05 0.03 0.0279542864208352 -5.16078667150266
TRINITY_DN97465_c0_g1_i3 0.04 0.02 0.0223634291366682 -5.48271476639002
TRINITY_DN9747_c0_g1_i6 0.05 0.03 0.0279542864208352 -5.16078667150266
TRINITY_DN9795_c0_g1_i3 0.04 0.02 0.0223634291366682 -5.48271476639002
TRINITY_DN98411_c0_g1_i1 0.05 0.03 0.0279542864208352 -5.16078667150266
TRINITY_DN9853_c0_g1_i4 0.02 0.01 0.0111817145683341 -6.48271476639002
TRINITY_DN98597_c0_g4_i1 0.04 0.02 0.0223634291366682 -5.48271476639002
TRINITY_DN9876_c0_g1_i5 0.03 0.02 0.0167725718525011 -5.89775226566886
TRINITY_DN99553_c0_g2_i1 0.04 0.03 0.0223634291366682 -5.48271476639002
TRINITY_DN99645_c0_g3_i1 0.05 0.03 0.0279542864208352 -5.16078667150266
TRINITY_DN99769_c0_g2_i1 0.03 0.02 0.0167725718525011 -5.89775226566886
