transcript_id TPM FPKM fold.change log2.FC
TRINITY_DN0_c0_g1_i1 63.77 47.92 35.8803037064002 5.16512019679066
TRINITY_DN10003_c0_g1_i6 94.78 71.23 53.3281352562742 5.73682497656361
TRINITY_DN1001_c3_g1_i1 78.81 59.23 44.3425864058554 5.4706210167858
TRINITY_DN10023_c0_g1_i2 167.24 125.68 94.0978828894208 6.55609035897515
TRINITY_DN10040_c0_g2_i4 159.65 119.98 89.8273559154271 6.48908296338846
TRINITY_DN10051_c0_g1_i1 147.02 110.48 82.7210639942756 6.37018283723016
TRINITY_DN100531_c0_g1_i1 1496.69 1124.77 842.115285468591 9.71787394134263
TRINITY_DN100567_c1_g1_i1 194.27 146 109.306360373881 6.77223354149707
TRINITY_DN100597_c0_g1_i2 198.13 148.9 111.478196226267 6.80061775398075
TRINITY_DN10059_c0_g1_i2 66.6 50.05 37.4726082303003 5.22776449288963
TRINITY_DN1008_c0_g1_i2 86.64 65.11 48.7481498059042 5.60727555853934
TRINITY_DN100991_c0_g1_i5 301.66 226.7 169.729534515802 7.40709381883951
TRINITY_DN10131_c0_g2_i1 243.72 183.16 137.129490658991 7.09939505594832
TRINITY_DN10132_c0_g1_i1 84.91 63.81 47.7747622347568 5.57817678810912
TRINITY_DN10177_c0_g1_i2 1097.19 824.54 617.335901264312 9.26991188372739
TRINITY_DN10177_c0_g1_i8 2001.08 1503.82 1125.91121437672 10.1368773504207
TRINITY_DN10192_c0_g1_i5 97.4 73.2 54.8022829073761 5.77616408790071
TRINITY_DN102691_c0_g1_i4 65.59 49.29 36.9043299373183 5.2057181906478
TRINITY_DN1026_c0_g1_i5 130.66 98.19 73.5160809515171 6.19998795533215
TRINITY_DN102_c10_g1_i1 67.79 50.95 38.1421638428237 5.25331478638174
TRINITY_DN1031_c0_g1_i5 68.08 51.16 38.3053328576403 5.25947335261697
TRINITY_DN103226_c0_g1_i1 11234.37 8442.69 6321.03822408767 12.6259458237174
TRINITY_DN1033_c0_g1_i4 74.15 55.73 41.7206291332848 5.382689008273
TRINITY_DN1035_c19_g1_i1 80.43 60.44 45.2540822817275 5.49997603563473
TRINITY_DN10365_c0_g1_i1 1480.21 1112.39 832.842784212805 9.70190037342908
TRINITY_DN10365_c0_g2_i1 239.93 180.31 134.99704043087 7.07678396888409
TRINITY_DN1039_c1_g3_i1 67.88 51.01 38.1928025025944 5.25522888047367
TRINITY_DN1039_c6_g1_i24 70.49 52.97 39.661323635944 5.3096609209954
TRINITY_DN1041_c0_g1_i3 159.86 120.14 89.9455127882254 6.49097940482825
TRINITY_DN1041_c0_g1_i9 316.8 238.07 178.24808239278 7.47774274589798
TRINITY_DN104363_c4_g1_i1 274.7 206.44 154.560442655608 7.27202732089423
TRINITY_DN10457_c0_g1_i2 193.73 145.59 109.002528415256 6.76821778982138
TRINITY_DN1047_c0_g1_i4 88.61 66.59 49.8565738031068 5.63971183758229
TRINITY_DN104991_c1_g1_i1 9596.52 7211.83 5399.49901402765 12.3986098394368
TRINITY_DN10505_c0_g2_i2 78 58.62 43.8868384679193 5.45571643956798
TRINITY_DN10526_c0_g1_i7 92.63 69.61 52.1184339395303 5.70372182918448
TRINITY_DN105275_c0_g1_i2 104.2 78.31 58.6283149789383 5.87352568809688
TRINITY_DN105349_c0_g1_i1 359.91 270.47 202.504000422934 7.66180659818345
TRINITY_DN10535_c0_g1_i2 74.93 56.31 42.159497517964 5.39778576706502
TRINITY_DN10587_c0_g1_i1 69.43 52.17 39.0649127542005 5.28780148703166
TRINITY_DN10593_c0_g1_i3 133.82 100.57 75.2940605612431 6.23446415982708
TRINITY_DN10624_c0_g1_i1 671.9 504.94 378.045727776859 8.56241694074715
TRINITY_DN1064_c0_g1_i1 86.41 64.94 48.6187398976014 5.60344059691217
TRINITY_DN10683_c0_g1_i3 96.7 72.67 54.4084266647153 5.76575820529521
TRINITY_DN10683_c0_g1_i5 121.99 91.67 68.6378900602753 6.10093329973002
TRINITY_DN1070_c0_g1_i2 4736.95 3559.84 2665.25332667449 11.3800569492667
TRINITY_DN1070_c0_g1_i3 149.83 112.6 84.3021154826711 6.39749692959048
TRINITY_DN1070_c0_g1_i8 134.66 101.2 75.7666880524361 6.2434917804219
TRINITY_DN1070_c1_g1_i10 104.29 78.37 58.678953638709 5.87477124003458
TRINITY_DN1070_c1_g1_i15 1600.72 1202.95 900.647949645741 9.81481947721979
TRINITY_DN107148_c0_g1_i1 263.71 198.18 148.376899645833 7.21312269035516
TRINITY_DN107154_c0_g1_i1 238.71 179.39 134.31060526509 7.06942941530911
TRINITY_DN1077_c1_g4_i1 68.61 51.56 38.6035382985121 5.27066118206384
TRINITY_DN10785_c0_g1_i1 206.05 154.84 115.934398286087 6.85716487409887
TRINITY_DN10910_c0_g1_i1 842.8 633.37 474.20291616362 8.88936072463568
TRINITY_DN10914_c0_g1_i3 172.39 129.55 96.9955395318539 6.59984649947336
TRINITY_DN10935_c0_g1_i1 87.48 65.75 49.2207772970972 5.6211955359791
TRINITY_DN10935_c0_g1_i6 4574.28 3437.6 2573.72676239787 11.3296431838082
TRINITY_DN1099_c0_g1_i7 355.34 267.04 199.932681810134 7.64337050993901
TRINITY_DN1099_c2_g1_i6 128.34 96.45 72.2107288329841 6.17414129881721
TRINITY_DN10_c1_g1_i1 72.01 54.11 40.5165543342932 5.34043958254569
TRINITY_DN10_c2_g2_i1 285.39 214.47 160.575190132814 7.32710519447716
TRINITY_DN10_c2_g2_i2 501.83 377.13 282.355540363538 8.14136912984753
TRINITY_DN10_c2_g3_i3 315.76 237.29 177.662924546541 7.47299883482411
TRINITY_DN11038_c0_g1_i1 204.31 153.54 114.955384197187 6.84493022932075
TRINITY_DN1103_c0_g1_i2 677.6 509.22 381.252842895668 8.57460428515057
TRINITY_DN1106_c0_g1_i12 79.02 59.39 44.4607432786536 5.47446016190868
TRINITY_DN1106_c0_g1_i7 446.51 335.55 251.229644157829 7.97286289666426
TRINITY_DN1106_c0_g1_i8 187.58 140.97 105.542219997594 6.72167642469312
TRINITY_DN11103_c1_g1_i1 117.91 88.61 66.342270817338 6.05185648960062
TRINITY_DN11110_c0_g4_i1 349.89 262.94 196.866229635132 7.62107184283024
TRINITY_DN11147_c0_g2_i1 123.17 92.56 69.3018191550464 6.11482131812312
TRINITY_DN1120_c0_g1_i2 77.49 58.23 43.5998860625521 5.44625245977016
TRINITY_DN11256_c0_g3_i2 193.91 145.73 109.103805734798 6.76955761608298
TRINITY_DN11310_c0_g2_i5 92.14 69.24 51.8427345696677 5.69606991353522
TRINITY_DN11322_c0_g1_i2 365.86 274.94 205.851778485551 7.68546210285557
TRINITY_DN1137_c0_g1_i1 248.99 187.11 140.094665514452 7.13025821205046
TRINITY_DN11407_c0_g1_i14 644.24 484.15 362.482779674004 8.50176864898774
TRINITY_DN11428_c0_g1_i2 414.89 311.79 233.438595025065 7.86689929515622
TRINITY_DN11441_c0_g1_i1 312.34 234.73 175.738655475255 7.45728775123275
TRINITY_DN11441_c0_g1_i11 213.13 160.17 119.917972854713 6.90590409043822
TRINITY_DN11441_c0_g1_i2 3464.81 2603.82 1949.48149733374 10.9288747467423
TRINITY_DN11441_c0_g1_i8 1105.79 831 622.174706531288 9.28117593549305
TRINITY_DN11441_c0_g1_i9 822.98 618.47 463.051157978567 8.8550277812836
TRINITY_DN11481_c0_g1_i1 116.96 87.89 65.8077516308697 6.04018562688345
TRINITY_DN11497_c0_g1_i2 393.54 295.74 221.42597962391 7.79068069136896
TRINITY_DN1149_c3_g1_i1 1061.51 797.73 597.260485924115 9.22221646764498
TRINITY_DN115_c0_g1_i6 100.55 75.57 56.5746359993498 5.82208349212372
TRINITY_DN1160_c0_g1_i2 3914.49 2941.76 2202.49474761904 11.1049228633569
TRINITY_DN1160_c0_g1_i5 172.57 129.69 97.0968168513953 6.60135209508403
TRINITY_DN1160_c0_g1_i6 1464.44 1100.54 823.969765717432 9.68644759071504
TRINITY_DN1162_c0_g1_i2 84.95 63.84 47.7972683057659 5.57885626300259
TRINITY_DN1165_c0_g1_i15 155.96 117.2 87.7511708648294 6.45534647032864
TRINITY_DN11671_c0_g1_i3 72.84 54.74 40.9835553077339 5.35697323790785
TRINITY_DN11674_c1_g1_i3 104.67 78.66 58.8927613132963 5.88001841384654
TRINITY_DN1167_c0_g1_i1 569.9 428.29 320.655246703426 8.32487920315996
TRINITY_DN1167_c0_g1_i10 361.62 271.76 203.466134958577 7.66864488110661
TRINITY_DN1167_c0_g1_i11 4078.51 3065.02 2294.78089179222 11.1641406947651
TRINITY_DN1167_c0_g1_i12 953.07 716.23 536.246527418203 9.06675258992955
TRINITY_DN1167_c0_g1_i16 4096.33 3078.42 2304.80734642682 11.1704304487785
TRINITY_DN1167_c0_g1_i17 2755.31 2070.63 1550.28006280824 10.5983131509528
TRINITY_DN1167_c0_g1_i18 1591.49 1196.01 895.45467376037 9.80647659731135
TRINITY_DN1167_c0_g1_i2 83.84 63 47.1727248352609 5.55988103246846
TRINITY_DN1167_c0_g1_i23 106.82 80.28 60.1024626300402 5.90935219982314
TRINITY_DN1167_c0_g1_i4 177.4 133.32 99.8144249257549 6.64117642011943
TRINITY_DN1167_c0_g1_i7 327.14 245.85 184.065901748655 7.52407858162072
TRINITY_DN1167_c0_g1_i8 362.5 272.42 203.961268520779 7.67215140560803
TRINITY_DN11687_c0_g1_i1 316.13 237.57 177.871105703376 7.47468836061542
TRINITY_DN11690_c0_g2_i1 109.49 82.28 61.6047428699036 5.94496952131865
TRINITY_DN11695_c0_g1_i2 120.49 90.55 67.7939123974307 6.08308382623801
TRINITY_DN116_c3_g2_i10 64.79 48.69 36.4542085171345 5.18801347339877
TRINITY_DN1170_c0_g1_i3 592.56 445.31 333.404935930131 8.38113165279495
TRINITY_DN11788_c0_g1_i1 68.52 51.49 38.5528996387414 5.26876746701501
TRINITY_DN11790_c0_g1_i2 95.15 71.51 53.5363164131092 5.74244597209239
TRINITY_DN11820_c0_g6_i1 594.02 446.41 334.226407521967 8.38468191627935
TRINITY_DN118356_c2_g1_i2 162.15 121.86 91.2339853535015 6.51149943427418
TRINITY_DN11838_c0_g1_i1 87.72 65.92 49.3558137231523 5.6251481276046
TRINITY_DN11849_c0_g1_i1 666.2 500.66 374.838612658049 8.55012576449272
TRINITY_DN11869_c0_g1_i1 89.2 67.04 50.1885383504923 5.64928602573868
TRINITY_DN1188_c0_g1_i12 67.7 50.88 38.091525183053 5.25139814939337
TRINITY_DN1189_c0_g1_i3 176.78 132.85 99.4655808251125 6.63612547518181
TRINITY_DN11902_c0_g1_i15 72.82 54.72 40.9723022722293 5.35657705637552
TRINITY_DN1190_c0_g2_i1 261.41 196.45 147.082800562805 7.20048474164617
TRINITY_DN1190_c1_g1_i2 198.89 149.46 111.905811575442 6.80614115114136
TRINITY_DN11959_c0_g2_i2 186.91 140.47 105.16524330819 6.71651416824448
TRINITY_DN1197_c0_g1_i2 121.5 91.31 68.3621906904127 6.09512672431151
TRINITY_DN119_c2_g1_i10 242.82 182.48 136.623104061284 7.09405766532159
TRINITY_DN119_c2_g2_i1 104.22 78.32 58.6395680144429 5.87380257036256
TRINITY_DN1201_c1_g1_i10 89.07 66.94 50.1153936197124 5.64718190963882
TRINITY_DN1201_c1_g1_i18 157.89 118.66 88.8370887910228 6.47309021114494
TRINITY_DN12036_c0_g2_i1 64.04 48.13 36.0322196857122 5.17121562344727
TRINITY_DN12063_c0_g1_i4 1474.91 1108.4 829.860729804088 9.69672542830661
TRINITY_DN12124_c0_g1_i1 237.59 178.55 133.680435276833 7.06264452585308
TRINITY_DN12124_c0_g1_i4 182.9 137.45 102.909009689518 6.68522548556709
TRINITY_DN1214_c0_g1_i1 70.32 52.84 39.5656728341549 5.30617738607441
TRINITY_DN12213_c0_g1_i1 63.5 47.72 35.7283877270881 5.1589989074779
TRINITY_DN1222_c0_g3_i2 273.41 205.47 153.834621865562 7.26523642111489
TRINITY_DN12252_c0_g1_i1 290 217.93 163.169014816623 7.35022331072067
TRINITY_DN12257_c0_g4_i1 328.12 246.58 184.61730048838 7.52839394405465
TRINITY_DN12258_c0_g4_i1 76.58 57.55 43.0878729470931 5.42920997578117
TRINITY_DN1227_c3_g2_i1 142.22 106.88 80.0203354731728 6.32229477186466
TRINITY_DN12323_c0_g1_i1 112.21 84.33 63.1351556985285 5.98037166314316
TRINITY_DN1233_c0_g1_i3 225.96 169.81 127.136795130911 6.99023781626639
TRINITY_DN1238_c3_g1_i2 151.63 113.95 85.3148886780846 6.41472562948673
TRINITY_DN12432_c0_g1_i2 171.9 129.18 96.7198401619914 6.59573995529643
TRINITY_DN12446_c0_g1_i9 1030.22 774.21 579.655111877177 9.17905095832728
TRINITY_DN12490_c0_g1_i1 80.1 60.19 45.0684071959017 5.49404455822708
TRINITY_DN12527_c0_g2_i3 109.44 82.25 61.5766102811421 5.94431054581691
TRINITY_DN1263_c0_g2_i1 147.41 110.78 82.9404981866152 6.37400480778352
TRINITY_DN1264_c0_g3_i2 94.4 70.94 53.1143275816869 5.73102917518021
TRINITY_DN1267_c0_g1_i4 79.29 59.59 44.6126592579657 5.47938124129373
TRINITY_DN1274_c3_g1_i1 85.8 64.48 48.2755223147112 5.59321996331792
TRINITY_DN12757_c1_g1_i1 84.36 63.4 47.4653037583804 5.5688014107247
TRINITY_DN12792_c0_g1_i1 65.67 49.35 36.9493420793367 5.20747677083311
TRINITY_DN1283_c0_g1_i1 228.01 171.35 128.290231270132 7.00326750958117
TRINITY_DN12842_c0_g1_i12 71.7 53.89 40.342132283972 5.33421543452028
TRINITY_DN12842_c0_g1_i9 95.61 71.85 53.7951362297149 5.74940383543002
TRINITY_DN1284_c0_g1_i3 66.6 50.05 37.4726082303003 5.22776449288963
TRINITY_DN1284_c0_g1_i5 106.29 79.87 59.8042571891685 5.90217628177048
TRINITY_DN1284_c0_g2_i3 86.26 64.83 48.5343421313169 5.60093403166551
TRINITY_DN1284_c0_g2_i4 96.13 72.24 54.0877151528344 5.75722904937086
TRINITY_DN1287_c1_g1_i11 168.59 126.69 94.8574627859809 6.56768937512183
TRINITY_DN1287_c1_g1_i16 113.87 85.58 64.0691576454099 6.00155811756093
TRINITY_DN1287_c1_g1_i20 125.54 94.35 70.6353038623409 6.14231752451409
TRINITY_DN1287_c1_g1_i3 223.68 168.1 125.853949083387 6.97560667630645
TRINITY_DN128_c1_g1_i1 382.6 287.52 215.270569202896 7.75000728416448
TRINITY_DN128_c1_g1_i4 442.72 332.7 249.097193929708 7.96056495954096
TRINITY_DN1295_c0_g1_i2 108.06 81.21 60.8001508313251 5.92600299755844
TRINITY_DN1298_c2_g3_i1 73.86 55.51 41.5574601184682 5.37703557813662
TRINITY_DN129_c0_g1_i7 90.62 68.1 50.9875038713185 5.6720718064444
TRINITY_DN13005_c0_g4_i1 913.4 686.43 513.92613149484 9.00541720019672
TRINITY_DN130311_c0_g1_i1 63.45 47.68 35.7002551383267 5.15786247965948
TRINITY_DN1305_c0_g1_i6 128.82 96.81 72.4808016850944 6.17952700751094
TRINITY_DN1305_c0_g1_i9 93.14 69.99 52.4053863448975 5.71164319775134
TRINITY_DN13084_c0_g2_i5 138.68 104.22 78.0285481888596 6.28593015213384
TRINITY_DN13113_c0_g1_i6 71.08 53.41 39.9932881833295 5.32168599695969
TRINITY_DN1323_c0_g3_i1 946.02 710.94 532.279832402833 9.05604109467495
TRINITY_DN1324_c0_g1_i3 338.65 254.5 190.54202368155 7.57396540623797
TRINITY_DN13251_c0_g1_i1 134.69 101.22 75.7835676056929 6.24381315299592
TRINITY_DN1325_c0_g1_i1 63.96 48.07 35.9872075436938 5.16941225441134
TRINITY_DN132619_c0_g1_i1 462.31 347.43 260.119542206459 8.02303097961797
TRINITY_DN1328_c0_g1_i4 193.77 145.62 109.025034486266 6.76851563654055
TRINITY_DN13301_c0_g1_i2 77.98 58.6 43.8755854324147 5.45534647032864
TRINITY_DN1330_c0_g1_i2 80.19 60.26 45.1190458556724 5.49566465389524
TRINITY_DN1332_c1_g3_i1 77.77 58.45 43.7574285596165 5.4514560543777
TRINITY_DN1334_c0_g2_i1 117.95 88.64 66.3647768883472 6.05234582905783
TRINITY_DN1335_c0_g2_i5 453.8 341.03 255.331375599254 7.99622701949071
TRINITY_DN1335_c0_g2_i6 118.61 89.14 66.7361270599988 6.06039605900033
TRINITY_DN134022_c0_g1_i1 9784.86 7353.37 5505.46884937442 12.4266497145489
TRINITY_DN134022_c0_g1_i3 10516.44 7903.16 5917.09363509699 12.5306730098702
TRINITY_DN13407_c0_g1_i7 108.13 81.26 60.8395364555912 5.92693725590889
TRINITY_DN13424_c0_g1_i2 96 72.14 54.0145704220545 5.75527672142689
TRINITY_DN13458_c0_g2_i2 71.44 53.69 40.1958428224122 5.32897439605223
TRINITY_DN1345_c0_g1_i4 210.12 157.9 118.224391011272 6.88538390008572
TRINITY_DN1345_c0_g1_i6 67.92 51.04 38.2153085736036 5.25607877448405
TRINITY_DN1345_c0_g4_i1 68.24 51.28 38.3953571416771 5.2628599622493
TRINITY_DN13461_c0_g1_i1 3207.1 2410.15 1804.48050833928 10.8173678442596
TRINITY_DN1348_c0_g1_i3 64.18 48.23 36.1109909342444 5.17436610521282
TRINITY_DN1350_c0_g1_i1 84.88 63.79 47.7578826814999 5.57766697184577
TRINITY_DN13513_c0_g1_i5 77.74 58.42 43.7405490063596 5.45089942327021
TRINITY_DN13514_c1_g1_i1 138.76 104.28 78.073560330878 6.28676215621739
TRINITY_DN135233_c0_g1_i3 105.06 78.95 59.1121955056359 5.88538390008572
TRINITY_DN1363_c0_g1_i1 285.96 214.9 160.895901644695 7.32998376784244
TRINITY_DN1363_c0_g1_i2 109.5 82.29 61.6103693876559 5.94510128030691
TRINITY_DN1363_c0_g1_i3 188.37 141.56 105.986714900025 6.72773962862903
TRINITY_DN1366_c0_g1_i8 196.95 148.01 110.814267131496 6.79199982743241
TRINITY_DN136_c0_g1_i8 98.34 73.9 55.3311755760921 5.79002067075162
TRINITY_DN13763_c0_g1_i2 17534.66 13177.39 9865.90757704982 13.2682360570182
TRINITY_DN13769_c0_g1_i1 115.13 86.52 64.7780988821993 6.01743422320154
TRINITY_DN13804_c0_g1_i5 86.13 64.73 48.461197400537 5.59875814685935
TRINITY_DN1384_c0_g3_i1 63.23 47.51 35.5764717477761 5.152851535105
TRINITY_DN13926_c0_g2_i2 83.61 62.84 47.0433149269581 5.55591781875597
TRINITY_DN13926_c0_g2_i3 100.03 75.17 56.2820570762303 5.81460315408443
TRINITY_DN139508_c0_g1_i2 253.15 190.24 142.435296899407 7.15416289472818
TRINITY_DN1399_c0_g1_i1 104.59 78.6 58.8477491712779 5.87891533051581
TRINITY_DN139_c1_g1_i1 382.13 287.18 215.006122868538 7.74823393473503
TRINITY_DN1402_c1_g1_i12 1585.91 1191.82 892.315076854588 9.80140940614623
TRINITY_DN1402_c1_g1_i19 116.04 87.2 65.2901119976584 6.02879261112901
TRINITY_DN1402_c1_g1_i20 93.5 70.27 52.6079409839802 5.71720868059337
TRINITY_DN1405_c4_g6_i1 102.92 77.35 57.9081207066443 5.85569377266481
TRINITY_DN1405_c4_g7_i1 142.84 107.34 80.3691795738153 6.32857044951707
TRINITY_DN140809_c0_g1_i4 28737.14 21596.11 16169.0028360254 13.9809430881767
TRINITY_DN14088_c0_g2_i1 153.79 115.57 86.5302165125809 6.43513210741189
TRINITY_DN1412_c1_g1_i8 68.98 51.84 38.8117194553471 5.27842044439186
TRINITY_DN1412_c9_g1_i2 119.66 89.93 67.32691142399 6.07311137858596
TRINITY_DN1414_c0_g1_i13 370.67 278.56 208.558133524406 7.70430576652602
TRINITY_DN1414_c0_g1_i18 268.21 201.56 150.908832634367 7.23753343848145
TRINITY_DN1414_c0_g1_i3 959.65 721.18 539.948776099215 9.07667873784171
TRINITY_DN1414_c0_g1_i5 4096.1 3078.24 2304.67793651852 11.1703494423227
TRINITY_DN1414_c0_g1_i6 805.41 605.27 453.16536628778 8.82389379542969
TRINITY_DN1416_c0_g1_i1 71.3 53.58 40.1170715738801 5.32614439226226
TRINITY_DN1417_c1_g1_i7 3123.12 2347.04 1757.22901225549 10.7790865086293
TRINITY_DN142072_c0_g1_i1 301.92 226.89 169.875823977361 7.40833673853145
TRINITY_DN14253_c0_g2_i1 64.51 48.48 36.2966660200702 5.18176513244149
TRINITY_DN1425_c0_g1_i8 791.28 594.65 445.215096703784 8.79835870332255
TRINITY_DN14305_c0_g4_i1 162.45 122.08 91.4027808860704 6.51416615414785
TRINITY_DN1432_c1_g1_i7 85.32 64.12 48.0054494626009 5.58512628127158
TRINITY_DN1435_c1_g1_i6 107.46 80.76 60.4625597661873 5.91797015363813
TRINITY_DN1436_c0_g1_i5 1016.97 764.26 572.199975855383 9.16037562655969
TRINITY_DN1436_c0_g1_i9 182.04 136.8 102.425129162821 6.6784259018992
TRINITY_DN14392_c0_g1_i1 67.47 50.71 37.9621152747502 5.24648847742998
TRINITY_DN144078_c0_g1_i2 205.5 154.44 115.62493980971 6.85330880438742
TRINITY_DN144124_c0_g1_i2 360.66 271.04 202.925989254356 7.66480983637378
TRINITY_DN14427_c0_g1_i5 201.7 151.58 113.486863063837 6.82638149443133
TRINITY_DN1450_c0_g2_i1 96.43 72.47 54.2565106854033 5.76172436368787
TRINITY_DN14548_c0_g3_i3 87.69 65.9 49.3389341698954 5.62465464545822
TRINITY_DN146_c1_g1_i5 74.76 56.18 42.063846716175 5.39450888467617
TRINITY_DN14771_c0_g1_i2 71.17 53.48 40.0439268431002 5.32351155156081
TRINITY_DN1478_c1_g1_i1 69.35 52.12 39.0199006121821 5.28613819814197
TRINITY_DN147_c0_g1_i10 74.23 55.79 41.7656412753032 5.38424468443494
TRINITY_DN147_c0_g1_i5 106.86 80.31 60.1249687010494 5.90989233275378
TRINITY_DN14802_c0_g1_i1 150.71 113.26 84.7972490448733 6.40594555715585
TRINITY_DN14804_c0_g1_i2 102.45 77 57.6436743722863 5.84909039482962
TRINITY_DN14806_c0_g1_i1 317.2 238.37 178.473143102872 7.47956318152235
TRINITY_DN1481_c0_g3_i1 142.93 107.41 80.419818233586 6.32947917022235
TRINITY_DN14846_c0_g1_i1 79.66 59.87 44.8208404148006 5.4860977952952
TRINITY_DN14943_c0_g1_i6 84.22 63.29 47.3865325098482 5.5664051911001
TRINITY_DN1495_c0_g2_i1 214.65 161.31 120.773203553063 6.9161565832662
TRINITY_DN15017_c0_g1_i5 104.53 78.56 58.8139900647641 5.87808746417277
TRINITY_DN15019_c0_g2_i2 86.89 65.3 48.8888127497116 5.6114324652385
TRINITY_DN15139_c0_g1_i2 114.89 86.34 64.6430624561442 6.01442364207414
TRINITY_DN151520_c0_g4_i1 150.19 112.87 84.5046701217538 6.40095916853445
TRINITY_DN151_c0_g1_i2 85.69 64.4 48.2136306194359 5.59136916762998
TRINITY_DN15258_c0_g1_i13 64.95 48.81 36.5442328011713 5.19157184126625
TRINITY_DN1526_c1_g1_i1 361.99 272.04 203.674316115412 7.6701202537843
TRINITY_DN152_c0_g1_i25 66.63 50.07 37.4894877835572 5.22841420919915
TRINITY_DN153171_c1_g1_i1 1606.07 1206.97 903.65813664322 9.81963327895284
TRINITY_DN153171_c2_g1_i1 105.8 79.51 59.5285578193059 5.8955100379324
TRINITY_DN15331_c0_g5_i1 84.06 63.17 47.2965082258115 5.56366177208298
TRINITY_DN1533_c0_g2_i1 270.03 202.93 151.932858865285 7.24729010830069
TRINITY_DN1533_c0_g2_i2 117.19 88.07 65.9371615391726 6.04301987814226
TRINITY_DN1534_c0_g1_i5 85.38 64.16 48.0392085691147 5.58614047817865
TRINITY_DN1534_c4_g1_i1 73.37 55.14 41.2817607486056 5.36743260075289
TRINITY_DN1539_c0_g1_i4 372.93 280.26 209.829726536425 7.71307526849396
TRINITY_DN1546_c2_g1_i1 1551.29 1165.8 872.836072396135 9.76956691608292
TRINITY_DN1546_c2_g1_i2 243.51 183 137.011333786193 7.09815142982781
TRINITY_DN15543_c0_g1_i6 221.93 166.78 124.869308476735 6.96427511147996
TRINITY_DN155_c3_g2_i5 85.66 64.37 48.1967510661791 5.59086399282205
TRINITY_DN15621_c0_g2_i1 91.75 68.95 51.6233003773281 5.68995047354895
TRINITY_DN1563_c0_g4_i1 91.31 68.62 51.3757335962271 5.68301518413098
TRINITY_DN1567_c1_g1_i1 113.93 85.62 64.1029167519237 6.00231809740689
TRINITY_DN15680_c2_g1_i1 107.1 80.49 60.2600051271046 5.91312889056863
TRINITY_DN15680_c2_g1_i6 426.38 320.43 239.903463922454 7.90631017836759
TRINITY_DN15698_c0_g1_i2 1096.8 824.25 617.116467071973 9.2693989815976
TRINITY_DN1575_c1_g1_i2 115.19 86.57 64.8118579887131 6.01818588788035
TRINITY_DN15800_c0_g1_i1 106.88 80.32 60.136221736554 5.91016232340506
TRINITY_DN15809_c0_g1_i2 75.54 56.77 42.5027151008541 5.40948309937118
TRINITY_DN1585_c1_g1_i2 786.17 590.81 442.33994613236 8.78901172250371
TRINITY_DN1585_c1_g1_i4 361.43 271.62 203.359231121283 7.66788667057047
TRINITY_DN1585_c1_g1_i5 606.95 456.12 341.501494975687 8.41574808392491
TRINITY_DN1585_c1_g1_i7 475.18 357.1 267.360870553665 8.06264452585308
TRINITY_DN1594_c0_g1_i2 123.72 92.98 69.6112776314228 6.12124914902027
TRINITY_DN1597_c0_g1_i13 141.62 106.42 79.682744408035 6.31619543199815
TRINITY_DN1597_c0_g1_i14 69.76 52.43 39.2505878400263 5.29464235570794
TRINITY_DN1597_c1_g1_i3 2388.91 1795.28 1344.12445236407 10.3924510079693
TRINITY_DN1597_c1_g1_i8 1227.77 922.68 690.806970073811 9.43213882915603
TRINITY_DN159802_c0_g1_i1 1039.76 781.38 585.022809812869 9.1923490656885
TRINITY_DN16033_c0_g1_i1 1178.28 885.48 662.961333717692 9.37278091941808
TRINITY_DN16033_c0_g1_i2 949.43 713.51 534.198474956367 9.06123204711048
TRINITY_DN16045_c0_g1_i2 83.43 62.7 46.9420376074168 5.55280856099885
TRINITY_DN16277_c0_g1_i1 77.35 58.13 43.52111481402 5.44364360726741
TRINITY_DN16327_c0_g1_i1 156.2 117.39 87.8862072908845 6.45756486396035
TRINITY_DN16327_c0_g1_i3 83.39 62.67 46.9195315364076 5.55211670387451
TRINITY_DN16327_c0_g1_i8 79.02 59.38 44.4607432786536 5.47446016190868
TRINITY_DN1635_c0_g1_i4 1056.76 794.16 594.587889991774 9.21574626986063
TRINITY_DN1636_c0_g1_i1 149.47 112.32 84.0995608435884 6.39402636183114
TRINITY_DN163810_c0_g1_i1 117.91 88.61 66.342270817338 6.05185648960062
TRINITY_DN1645_c0_g2_i6 96.39 72.43 54.2340046143941 5.76112579712358
TRINITY_DN16469_c1_g1_i1 63.5 47.72 35.7283877270881 5.1589989074779
TRINITY_DN16494_c1_g1_i1 136.39 102.5 76.7400756235835 6.26190828153402
TRINITY_DN16515_c0_g1_i8 122.2 91.83 68.7560469330736 6.1034146956371
TRINITY_DN16544_c0_g1_i1 472.51 355.09 265.858590313802 8.05451527271945
TRINITY_DN1660_c1_g1_i3 237.44 178.43 133.596037510548 7.06173340755181
TRINITY_DN1661_c0_g1_i2 81.18 61 45.6760711131499 5.5133666556287
TRINITY_DN16756_c0_g1_i3 97.1 72.97 54.6334873748072 5.77171361123756
TRINITY_DN167678_c0_g2_i2 853.91 641.71 480.453977386423 8.90825443185318
TRINITY_DN168183_c0_g2_i1 594.31 446.63 334.389576536783 8.38538606675971
TRINITY_DN1689_c0_g1_i1 133.15 100.06 74.9170838718392 6.22722283902899
TRINITY_DN1696_c0_g1_i1 232.23 174.52 130.664621761601 7.0297247653521
TRINITY_DN16986_c0_g1_i4 94.76 71.21 53.3168822207696 5.73652051417124
TRINITY_DN16_c1_g4_i2 462.75 347.76 260.36710898756 8.02440340057631
TRINITY_DN16_c21_g1_i1 185.62 139.5 104.439422518143 6.706522575398
TRINITY_DN17009_c0_g1_i2 107.46 80.76 60.4625597661873 5.91797015363813
TRINITY_DN17017_c0_g1_i2 131.9 99.12 74.213769152802 6.21361497506992
TRINITY_DN1702_c0_g2_i5 76.68 57.63 43.144138124616 5.43109265259916
TRINITY_DN1702_c0_g2_i7 1566.71 1177.39 881.512162770177 9.783836665216
TRINITY_DN1702_c0_g2_i9 73.21 55.02 41.1917364645689 5.3642830401277
TRINITY_DN17072_c0_g1_i1 583.22 438.3 328.149768349486 8.35821060443556
TRINITY_DN1710_c0_g1_i4 98.77 74.23 55.5731158394409 5.79631522558588
TRINITY_DN1710_c0_g1_i5 275.14 206.77 154.808009436709 7.27433630515689
TRINITY_DN1710_c0_g3_i4 66.85 50.24 37.6132711741078 5.23316987591172
TRINITY_DN1711_c19_g1_i2 73.97 55.59 41.6193518137435 5.37918259137868
TRINITY_DN1721_c1_g1_i2 126.75 95.25 71.3161125103689 6.15615615770907
TRINITY_DN17272_c1_g2_i2 69.65 52.34 39.188696144751 5.29236566841962
TRINITY_DN17287_c0_g2_i2 88.73 66.68 49.9240920161343 5.64166428408426
TRINITY_DN1733_c2_g1_i1 115.38 86.71 64.9187618260068 6.02056357899206
TRINITY_DN173510_c0_g1_i1 70.79 53.2 39.8301191685129 5.31578789102344
TRINITY_DN173510_c2_g1_i1 124.63 93.66 70.1232907468818 6.13182179538882
TRINITY_DN17378_c2_g1_i1 111.85 84.06 62.9326010594458 5.97573566687749
TRINITY_DN1738_c0_g1_i2 71.48 53.72 40.2183488934214 5.3297819499725
TRINITY_DN173_c0_g4_i1 78.54 59.02 44.1906704265433 5.46566991359741
TRINITY_DN17441_c0_g1_i3 234.42 176.17 131.896829149354 7.04326607183584
TRINITY_DN17441_c0_g1_i6 122.99 92.43 69.200541835505 6.11271142899699
TRINITY_DN1751_c0_g1_i1 803.58 603.89 452.13571353911 8.82061206830492
TRINITY_DN1754_c0_g1_i1 77.09 57.94 43.3748253524602 5.4387860436181
TRINITY_DN1758_c2_g1_i1 153.23 115.15 86.2151315184522 6.42986919216956
TRINITY_DN1759_c0_g2_i1 63.47 47.69 35.7115081738312 5.15831715821379
TRINITY_DN175_c0_g2_i1 272.03 204.43 153.058162415745 7.25793617395824
TRINITY_DN1762_c0_g1_i4 75.12 56.45 42.2664013552577 5.40143937858478
TRINITY_DN17658_c1_g1_i1 187.45 140.87 105.469075266814 6.72067623610646
TRINITY_DN17693_c0_g1_i2 107.94 81.12 60.7326326182975 5.92440000290365
TRINITY_DN17775_c1_g1_i2 616.75 463.49 347.015482372939 8.43885622100586
TRINITY_DN17781_c2_g1_i1 2511.96 1887.75 1413.35875330608 10.4649119965635
TRINITY_DN17781_c75_g1_i1 9958.58 7483.93 5603.21271576733 12.4520385475599
TRINITY_DN17781_c77_g1_i1 4161.32 3127.26 2341.374085299 11.1931397393554
TRINITY_DN17798_c0_g1_i2 158.67 119.24 89.275957175702 6.4801997916935
TRINITY_DN178266_c0_g1_i5 618.66 464.93 348.090147263628 8.44331716874562
TRINITY_DN1782_c0_g1_i2 141.59 106.41 79.6658648547781 6.31588978706056
TRINITY_DN17854_c3_g1_i1 64.34 48.35 36.2010152182811 5.17795825158375
TRINITY_DN17935_c0_g1_i9 72.06 54.15 40.5446869230547 5.3414409673578
TRINITY_DN1800_c0_g5_i1 69.98 52.59 39.3743712305768 5.29918498017086
TRINITY_DN1802_c4_g1_i1 78.48 58.98 44.1569113200296 5.46456735715025
TRINITY_DN18077_c0_g1_i6 83.56 62.79 47.0151823381966 5.55505480799812
TRINITY_DN1808_c0_g2_i1 18952.07 14242.58 10663.4158297782 13.3803820325902
TRINITY_DN18094_c0_g1_i1 81.22 61.04 45.698577184159 5.51407734285533
TRINITY_DN181373_c0_g1_i1 64.01 48.1 36.0153401324553 5.17053962419668
TRINITY_DN1815_c0_g1_i2 2401.49 1804.73 1351.20261169646 10.400028306456
TRINITY_DN1815_c0_g1_i3 2693.89 2024.47 1515.72199077363 10.5657894475955
TRINITY_DN1815_c0_g1_i5 1322.03 993.51 743.842526406966 9.53885342076119
TRINITY_DN1819_c0_g1_i7 68.14 51.21 38.3390919641541 5.26074426302736
TRINITY_DN1820_c0_g1_i1 150.35 112.99 84.5946944057906 6.40249527839237
TRINITY_DN1825_c1_g1_i2 144.63 108.69 81.3763262514765 6.34653724604842
TRINITY_DN1828_c0_g2_i2 452.67 340.19 254.695579093244 7.99263010786502
TRINITY_DN1834_c0_g2_i3 83.81 62.98 47.1558452820041 5.55936470855926
TRINITY_DN1834_c0_g2_i4 484.64 364.21 272.683556347339 8.09108389372638
TRINITY_DN18465_c0_g3_i1 122.96 92.41 69.1836622822482 6.11235948062178
TRINITY_DN18469_c0_g1_i1 411.17 309 231.34553042121 7.85390541618412
TRINITY_DN18531_c0_g1_i2 804.56 604.63 452.687112278835 8.82237042431259
TRINITY_DN18579_c0_g2_i1 141.5 106.34 79.6152261950074 6.31497246353762
TRINITY_DN1857_c0_g1_i6 72.24 54.29 40.645964242596 5.34504020841187
TRINITY_DN18617_c0_g8_i1 122.64 92.16 69.0036137141746 6.10860001258979
TRINITY_DN1864_c0_g1_i2 82.1 61.7 46.1937107463612 5.52962453759618
TRINITY_DN18677_c0_g1_i4 141.84 106.6 79.8065277985855 6.3184348518297
TRINITY_DN1870_c1_g2_i2 594.71 446.93 334.614637246875 8.38635674519763
TRINITY_DN187_c0_g3_i2 123.94 93.14 69.7350610219733 6.12381228390262
TRINITY_DN187_c0_g4_i3 85.19 64.02 47.9323047318211 5.58292640570234
TRINITY_DN18848_c0_g1_i2 100.98 75.88 56.8165762626986 5.82823999298211
TRINITY_DN18848_c0_g1_i4 78.26 58.82 44.033127929479 5.4605174258318
TRINITY_DN18873_c0_g1_i2 86.39 64.92 48.6074868620968 5.60310663972529
TRINITY_DN1887_c0_g2_i1 64.56 48.51 36.3247986088317 5.18288289420879
TRINITY_DN18934_c0_g1_i1 71.89 54.03 40.4490361212656 5.33803341930681
TRINITY_DN18952_c0_g1_i1 79.56 59.79 44.7645752372777 5.48428559176475
TRINITY_DN18968_c0_g1_i1 243.6 183.07 137.061972445963 7.0986845437247
TRINITY_DN18997_c0_g4_i1 74.73 56.16 42.0469671629181 5.393929837893
TRINITY_DN19025_c0_g1_i1 67.61 50.81 38.0408865232823 5.24947896274304
TRINITY_DN19025_c0_g1_i7 139.93 105.16 78.7318629078968 6.29887570973324
TRINITY_DN1904_c1_g1_i2 63.33 47.59 35.6327369252991 5.15513139499932
TRINITY_DN19058_c0_g1_i1 80.76 60.69 45.4397573675534 5.50588322626248
TRINITY_DN19080_c0_g2_i1 281.24 211.36 158.240185265611 7.30597221007451
TRINITY_DN19089_c0_g1_i2 113.46 85.26 63.8384704175657 5.99635417960193
TRINITY_DN1909_c0_g1_i2 81.7 61.4 45.9686500362693 5.52257839396405
TRINITY_DN1914_c0_g1_i1 81.46 61.21 45.8336136102142 5.51833412993442
TRINITY_DN19198_c0_g1_i2 451.43 339.25 253.997890891959 7.98867270719601
TRINITY_DN1919_c0_g1_i14 132.86 99.85 74.7539148570225 6.22407723000972
TRINITY_DN1925_c0_g1_i3 419.54 315.29 236.054925779883 7.88297877788106
TRINITY_DN1930_c3_g1_i3 166.99 125.49 93.9572199456134 6.55393212166858
TRINITY_DN1931_c3_g2_i1 68.68 51.62 38.6429239227782 5.27213235493314
TRINITY_DN19331_c0_g1_i1 1216.09 913.9 684.235197339128 9.41834850861387
TRINITY_DN1943_c0_g1_i4 97.5 73.27 54.8585480848991 5.77764453445534
TRINITY_DN19443_c1_g1_i4 75.44 56.69 42.4464499233312 5.40757199160611
TRINITY_DN1944_c2_g1_i6 71.45 53.7 40.2014693401645 5.32917632691419
TRINITY_DN19533_c0_g1_i1 980.94 737.18 551.927632393856 9.10833530599765
TRINITY_DN19533_c0_g1_i3 245.88 184.78 138.344818493487 7.11212480066341
TRINITY_DN19533_c0_g1_i5 1230.24 924.53 692.196719958629 9.43503829494374
TRINITY_DN19533_c0_g1_i8 2226.35 1673.11 1252.65977978272 10.2907789190592
TRINITY_DN196963_c0_g1_i4 93.43 70.21 52.5685553597141 5.71612818353476
TRINITY_DN19740_c0_g1_i2 2816.45 2116.58 1584.68059234579 10.6299763652313
TRINITY_DN19758_c0_g1_i5 374 281.06 210.431763935921 7.71720868059337
TRINITY_DN197_c5_g1_i2 98.13 73.75 55.2130187032938 5.78693657573494
TRINITY_DN198179_c0_g2_i1 124.86 93.84 70.2527006551847 6.1344817813875
TRINITY_DN198411_c0_g1_i2 128.43 96.52 72.2613674927548 6.17515265184908
TRINITY_DN19850_c0_g1_i3 98.35 73.91 55.3368020938444 5.7901673680969
TRINITY_DN1991_c1_g2_i1 91.27 68.59 51.3532275252179 5.68238304695759
TRINITY_DN19927_c0_g1_i1 188.66 141.78 106.149883914842 6.7299589832924
TRINITY_DN19932_c0_g1_i1 70.24 52.79 39.5206606921365 5.30453516046637
TRINITY_DN1997_c1_g1_i15 219.8 165.18 123.670860195496 6.9503617967676
TRINITY_DN1_c1_g1_i1 422.95 317.85 237.973568333416 7.89465753241749
TRINITY_DN1_c1_g1_i12 801.26 602.15 450.830361420577 8.81644086765381
TRINITY_DN1_c1_g1_i13 162.36 122.01 91.3521422262997 6.5133666556287
TRINITY_DN1_c1_g1_i20 78.99 59.36 44.4438637253967 5.47391233769823
TRINITY_DN1_c1_g1_i6 292.69 219.96 164.682548091991 7.36354386617977
TRINITY_DN1_c4_g1_i2 106.27 79.86 59.7930041536639 5.90190479230018
TRINITY_DN20073_c0_g1_i3 63.6 47.79 35.7846529046111 5.16126908110273
TRINITY_DN2033_c1_g1_i1 1763.26 1325.1 992.101369191582 9.95434372707878
TRINITY_DN2033_c1_g1_i2 796.28 598.41 448.028355579933 8.80744623268256
TRINITY_DN2033_c25_g1_i1 3672.31 2759.76 2066.23174069391 11.0127863551286
TRINITY_DN20382_c1_g2_i1 121.1 91.01 68.1371299803209 6.0903692755127
TRINITY_DN2043_c0_g3_i1 78.13 58.71 43.9599831986992 5.45811892978329
TRINITY_DN20443_c0_g4_i2 125.15 94.05 70.4158696700013 6.1378287015067
TRINITY_DN2044_c1_g1_i2 130.83 98.32 73.6117317533062 6.20186380673377
TRINITY_DN2044_c1_g1_i4 372.18 279.7 209.407737705003 7.71017094122392
TRINITY_DN2044_c1_g2_i1 522.12 392.37 293.771744882949 8.19855183319269
TRINITY_DN204970_c0_g1_i1 976.21 733.63 549.266289497019 9.10136194081943
TRINITY_DN20559_c0_g2_i1 230.49 173.22 129.685607672702 7.01887456997079
TRINITY_DN206708_c0_g1_i2 1834.61 1378.72 1032.24657335422 10.0115719140136
TRINITY_DN20706_c0_g1_i1 153.89 115.65 86.5864816901038 6.43606989673306
TRINITY_DN20708_c0_g1_i2 627.2 471.35 352.895193424089 8.46309596993358
TRINITY_DN20714_c0_g1_i1 105.59 79.35 59.4104009465077 5.89264361985915
TRINITY_DN20794_c2_g1_i2 581.27 436.83 327.052597387788 8.35337886185416
TRINITY_DN20811_c0_g4_i1 81.38 61.15 45.7886014681958 5.51691659600472
TRINITY_DN20833_c0_g1_i1 66.47 49.95 37.3994634995205 5.2249456694887
TRINITY_DN2084_c1_g3_i1 112.67 84.67 63.3939755151342 5.9862738389206
TRINITY_DN2092_c0_g1_i1 131.56 98.87 74.0224675492239 6.20989132376641
TRINITY_DN209_c1_g1_i6 98.18 73.78 55.2411512920553 5.78767148229706
TRINITY_DN209_c1_g2_i6 66.24 49.78 37.2700535912176 5.21994498843033
TRINITY_DN20_c0_g1_i2 120.82 90.8 67.9795874832565 6.08702970216757
TRINITY_DN20_c0_g1_i3 475.77 357.54 267.692835101051 8.06443471499729
TRINITY_DN20_c0_g1_i8 319.29 239.95 179.649085313102 7.48903777962295
TRINITY_DN21074_c0_g1_i6 66.21 49.76 37.2531740379607 5.21929144593178
TRINITY_DN21074_c0_g1_i9 258.71 194.42 145.563640769685 7.18550623053164
TRINITY_DN2107_c0_g1_i10 128.72 96.74 72.4245365075714 6.17840664165445
TRINITY_DN21081_c2_g4_i1 1287.09 967.26 724.183473380439 9.50021144316415
TRINITY_DN21091_c0_g1_i2 545.19 409.72 306.752121337499 8.260929510623
TRINITY_DN21133_c0_g1_i1 224.93 169.03 126.557263802424 6.9836465036318
TRINITY_DN21133_c0_g1_i10 1680.66 1263.02 945.626332557606 9.88512640012236
TRINITY_DN21133_c0_g1_i8 63.54 47.75 35.7508937980973 5.1599074056445
TRINITY_DN21230_c1_g1_i1 518.33 389.53 291.639294654828 8.1880413071911
TRINITY_DN21241_c0_g1_i1 74.92 56.3 42.1538710002117 5.39759321517405
TRINITY_DN212531_c3_g1_i1 289.64 217.66 162.96646017754 7.34843126641213
TRINITY_DN21277_c0_g1_i1 124.4 93.49 69.993880838579 6.12915689594897
TRINITY_DN21333_c0_g1_i4 135.09 101.52 76.0086283157848 6.24809129399401
TRINITY_DN21386_c0_g1_i2 106.48 80.02 59.9111610264621 5.9047528868429
TRINITY_DN213_c0_g1_i7 96.86 72.79 54.4984509487521 5.76814331853263
TRINITY_DN21428_c0_g1_i2 64.56 48.52 36.3247986088317 5.18288289420879
TRINITY_DN2143_c0_g1_i5 4142.79 3113.33 2330.94814790399 11.186701196639
TRINITY_DN2149_c0_g3_i1 152.85 114.87 86.0013238438649 6.42628696270534
TRINITY_DN21635_c0_g1_i2 133.51 100.33 75.1196385109218 6.2311182153903
TRINITY_DN21640_c0_g2_i1 220.74 165.89 124.199752864212 6.95651849262514
TRINITY_DN21693_c0_g1_i2 88.64 66.61 49.8734533563637 5.6402001969802
TRINITY_DN21722_c0_g1_i15 123.6 92.89 69.5437594183952 6.11984915372275
TRINITY_DN21722_c0_g3_i2 92.57 69.56 52.0846748330165 5.7027870375486
TRINITY_DN2173_c0_g2_i3 119.77 90.01 67.3888031192653 6.07443699747803
TRINITY_DN2192_c14_g1_i1 103.53 77.8 58.2513382895344 5.86421929008768
TRINITY_DN21982_c0_g1_i2 73.43 55.18 41.3155198551194 5.36861191556588
TRINITY_DN2203_c0_g1_i2 71.76 53.93 40.3758913904857 5.33542220585027
TRINITY_DN22071_c0_g1_i6 519.59 390.47 292.348235891618 8.19154407550559
TRINITY_DN22161_c0_g1_i3 144.82 108.83 81.4832300887701 6.34843126641213
TRINITY_DN221_c0_g2_i10 77.03 57.89 43.3410662459465 5.43766274090818
TRINITY_DN2221_c0_g2_i2 71.11 53.44 40.0101677365864 5.32229477186466
TRINITY_DN2222_c0_g2_i2 154.84 116.36 87.1210008765721 6.44494862322332
TRINITY_DN22236_c0_g1_i1 87.58 65.82 49.2770424746201 5.62284376538366
TRINITY_DN22236_c0_g1_i5 65.42 49.17 36.8086791355292 5.20197407501379
TRINITY_DN22371_c0_g1_i1 1069.13 803.46 601.547892451366 9.23253579243215
TRINITY_DN2258_c0_g1_i1 77.98 58.6 43.8755854324147 5.45534647032864
TRINITY_DN22617_c1_g1_i7 79.69 59.88 44.8377199680575 5.48664101276288
TRINITY_DN22707_c0_g1_i1 611.58 459.61 344.106572695001 8.4267116386759
TRINITY_DN227_c1_g1_i1 89.95 67.6 50.6105271819146 5.66136559706985
TRINITY_DN227_c1_g1_i3 125.82 94.55 70.7928463594052 6.14553167774876
TRINITY_DN22829_c0_g2_i1 171.44 128.84 96.4610203453857 6.59187416560756
TRINITY_DN2282_c0_g1_i10 64.33 48.34 36.1953887005288 5.17773400427765
TRINITY_DN2289_c0_g1_i6 139.75 105.03 78.6305855883554 6.29701869354892
TRINITY_DN2289_c0_g1_i7 331.76 249.32 186.665352950217 7.54431036283697
TRINITY_DN228_c0_g1_i1 88.67 66.63 49.8903329096206 5.64068839112198
TRINITY_DN2291_c0_g2_i2 151.02 113.49 84.9716710951945 6.40891003281314
TRINITY_DN229_c1_g3_i1 100.4 75.45 56.4902382330653 5.81992967976914
TRINITY_DN23030_c1_g1_i3 141.14 106.07 79.4126715559247 6.31129732558416
TRINITY_DN230361_c0_g1_i1 89.86 67.53 50.5598885221439 5.65992137745445
TRINITY_DN2303_c0_g6_i1 141.57 106.39 79.6546118192735 6.31568598778901
TRINITY_DN2313_c0_g1_i3 317.68 238.74 178.743215954982 7.48174467645548
TRINITY_DN2313_c0_g3_i2 280.73 210.97 157.953232860243 7.30335365508813
TRINITY_DN23209_c0_g1_i4 69.43 52.18 39.0649127542005 5.28780148703166
TRINITY_DN2336_c0_g5_i1 80.64 60.6 45.3722391545258 5.50373795443093
TRINITY_DN23435_c0_g1_i7 570.85 429 321.189765889894 8.32728211458786
TRINITY_DN23457_c0_g1_i2 225.4 169.39 126.821710136782 6.98665792599059
TRINITY_DN23489_c1_g1_i1 384.7 289.1 216.452137930879 7.75790424011499
TRINITY_DN234_c2_g1_i1 130.75 98.26 73.5667196112878 6.20098135695267
TRINITY_DN2363_c0_g1_i10 64.33 48.35 36.1953887005288 5.17773400427765
TRINITY_DN2388_c0_g1_i2 118.75 89.24 66.814898308531 6.06209792392404
TRINITY_DN2395_c5_g1_i1 521.61 391.99 293.484792477582 8.19714193881501
TRINITY_DN2395_c5_g1_i2 109.7 82.44 61.7228997427019 5.94773393622156
TRINITY_DN2406_c0_g2_i2 69.22 52.02 38.9467558814022 5.28343125709646
TRINITY_DN240_c2_g1_i5 118.42 89 66.6292232227052 6.05808316935363
TRINITY_DN2413_c0_g4_i2 69.42 52.17 39.0592862364482 5.28759368075966
TRINITY_DN24152_c0_g1_i2 135.12 101.54 76.0255078690417 6.24841164373239
TRINITY_DN24279_c0_g4_i5 66.1 49.67 37.1912823426854 5.21689258732606
TRINITY_DN24283_c1_g2_i1 87.9 66.06 49.4570910426937 5.62810548096177
TRINITY_DN2430_c0_g1_i7 93.87 70.54 52.8161221408152 5.72290647489309
TRINITY_DN2438_c1_g1_i10 121.81 91.54 68.536612740734 6.09880298673129
TRINITY_DN24407_c0_g1_i1 90.27 67.84 50.7905757499881 5.6664889229855
TRINITY_DN2444_c1_g1_i1 174.09 130.83 97.9520475497445 6.61400374520552
TRINITY_DN24476_c0_g1_i6 69.71 52.39 39.2224552512648 5.29360794321586
TRINITY_DN2453_c0_g1_i3 113.44 85.25 63.8272173820611 5.99609984817052
TRINITY_DN2453_c2_g1_i12 409.31 307.6 230.298998119283 7.84736432469408
TRINITY_DN2457_c0_g1_i10 82.28 61.83 46.2949880659026 5.53278410945594
TRINITY_DN2457_c0_g1_i14 204.95 154.02 115.315481333334 6.84944240045315
TRINITY_DN2457_c0_g1_i5 267.43 200.98 150.469964249688 7.23333172491523
TRINITY_DN2457_c0_g1_i9 361.86 271.94 203.601171384632 7.66960205151219
TRINITY_DN2459_c2_g1_i3 74.79 56.21 42.0807262694318 5.39508769914367
TRINITY_DN2460_c0_g1_i5 1010.59 759.46 568.610257529417 9.15129631473695
TRINITY_DN24685_c0_g1_i4 284.45 213.77 160.046297464098 7.32234549151313
TRINITY_DN24782_c0_g1_i9 108.57 81.59 61.0871032366923 5.9327959240247
TRINITY_DN24871_c0_g1_i1 94.53 71.04 53.1874723124668 5.7330145706697
TRINITY_DN2489_c1_g4_i1 63.24 47.53 35.5820982655284 5.15307968328938
TRINITY_DN248_c1_g1_i1 89.47 67.24 50.3404543298043 5.65364633197421
TRINITY_DN24963_c2_g1_i5 166.41 125.06 93.6308819159801 6.54891254177752
TRINITY_DN24996_c0_g1_i5 4551.75 3420.66 2561.05021790194 11.3225198267063
TRINITY_DN249_c5_g3_i1 115.51 86.81 64.9919065567866 6.02218816537635
TRINITY_DN249_c5_g3_i2 82.13 61.72 46.2105902996181 5.53015161366886
TRINITY_DN2502_c9_g1_i1 208.25 156.5 117.172232191592 6.87248690607128
TRINITY_DN2531_c0_g1_i10 108.76 81.74 61.1940070739859 5.93531846695577
TRINITY_DN253_c1_g2_i1 110.14 82.77 61.970466523803 5.95350892408189
TRINITY_DN2545_c0_g1_i10 82.33 61.87 46.323120654664 5.53366054168075
TRINITY_DN2546_c0_g2_i1 85.85 64.52 48.3036549034727 5.59406044982051
TRINITY_DN2548_c0_g2_i1 77.69 58.38 43.7124164175981 5.44997122723942
TRINITY_DN2549_c0_g1_i1 190.12 142.88 106.971355506677 6.74108071723334
TRINITY_DN2549_c0_g1_i9 63.76 47.92 35.8746771886479 5.16489394492148
TRINITY_DN2549_c3_g2_i1 84.76 63.7 47.6903644684723 5.57562590330318
TRINITY_DN2549_c6_g2_i4 71.62 53.82 40.2971201419536 5.33260483425153
TRINITY_DN2549_c6_g2_i5 96.51 72.53 54.3015228274217 5.7629207523049
TRINITY_DN2549_c6_g2_i6 85.53 64.28 48.1236063353992 5.58867285559012
TRINITY_DN2553_c0_g1_i3 147.1 110.54 82.7660761362939 6.3709676570732
TRINITY_DN2553_c0_g2_i1 80.13 60.22 45.0852867491586 5.49458479228727
TRINITY_DN25542_c0_g1_i6 184.83 138.9 103.994927615712 6.70036935196685
TRINITY_DN2555_c0_g2_i1 398.52 299.49 224.227985464554 7.80882253915487
TRINITY_DN2555_c0_g2_i2 130.43 98.02 73.3866710432143 6.19744615024396
TRINITY_DN2558_c0_g1_i5 249.96 187.84 140.640437736424 7.13586765569281
TRINITY_DN2558_c1_g1_i1 116.77 87.75 65.7008477935761 6.0378400818687
TRINITY_DN2561_c0_g1_i13 87.07 65.44 48.990090069253 5.61441803893403
TRINITY_DN2563_c0_g1_i10 80.69 60.64 45.4003717432873 5.50463220539918
TRINITY_DN2572_c6_g1_i1 207.12 155.65 116.536435685583 6.86463728083112
TRINITY_DN257925_c1_g1_i1 3505.72 2634.56 1972.49958145838 10.9458092787776
TRINITY_DN258252_c0_g1_i1 153.22 115.15 86.2095050006999 6.42977503683972
TRINITY_DN258304_c0_g1_i1 88.78 66.72 49.9522246048958 5.6424770242561
TRINITY_DN258567_c1_g1_i1 1443.71 1084.96 812.30599441692 9.6658794805711
TRINITY_DN25939_c0_g2_i1 347.95 261.49 195.774685191186 7.61305041789172
TRINITY_DN2598_c1_g1_i6 94.38 70.93 53.1030745461823 5.73072348706785
TRINITY_DN26061_c0_g2_i1 204.22 153.47 114.904745537416 6.84429457193559
TRINITY_DN26108_c0_g1_i1 86.75 65.2 48.8100415011795 5.60910607328399
TRINITY_DN2621_c0_g1_i1 67.9 51.03 38.204055538099 5.2556538900631
TRINITY_DN2627_c0_g2_i5 64.85 48.74 36.4879676236483 5.18934889007007
TRINITY_DN263_c1_g1_i1 135.9 102.13 76.4643762537209 6.25671586658576
TRINITY_DN26438_c0_g1_i3 108.45 81.5 61.0195850236647 5.93120046349065
TRINITY_DN2662_c2_g1_i4 1133.45 851.79 637.737654634143 9.31681925609093
TRINITY_DN26661_c1_g2_i1 147.44 110.8 82.9573777398721 6.37429838656172
TRINITY_DN2667_c0_g1_i6 75.97 57.09 42.7446553642029 5.41767213683684
TRINITY_DN2671_c0_g1_i1 100.29 75.37 56.4283465377901 5.81834817126957
TRINITY_DN2674_c0_g1_i1 211.55 158.98 119.02898304985 6.89516909617472
TRINITY_DN2674_c0_g1_i14 184.62 138.74 103.876770742914 6.69872925998571
TRINITY_DN2674_c0_g1_i6 65.39 49.14 36.7917995822723 5.20131233887763
TRINITY_DN2674_c0_g1_i9 858.88 645.46 483.250356709314 8.91662698713119
TRINITY_DN2685_c0_g1_i1 785.56 590.35 441.99672854947 8.78789188128527
TRINITY_DN26885_c0_g1_i4 213.49 160.44 120.120527493796 6.90833890520544
TRINITY_DN2689_c0_g3_i1 173.31 130.24 97.5131791650653 6.60752531099229
TRINITY_DN268_c1_g1_i2 285.23 214.35 160.485165848777 7.3262961404216
TRINITY_DN2693_c0_g1_i1 2599.43 1953.48 1462.57390408543 10.5142938108034
TRINITY_DN2693_c0_g1_i6 83.44 62.71 46.947664125169 5.55298147345077
TRINITY_DN2693_c0_g1_i7 85.72 64.42 48.2305101726928 5.59187416560756
TRINITY_DN2707_c1_g1_i13 90.6 68.09 50.9762508358139 5.67175336586461
TRINITY_DN2707_c1_g1_i7 136.94 102.91 77.0495340999598 6.26771432802314
TRINITY_DN2711_c0_g2_i1 220.28 165.54 123.940933047606 6.95350892408189
TRINITY_DN271_c0_g1_i2 2041.72 1534.36 1148.77738252205 10.1658835349972
TRINITY_DN27212_c0_g1_i1 792.43 595.51 445.862146245299 8.80045390962753
TRINITY_DN2721_c0_g4_i1 94.39 70.94 53.1087010639346 5.73087633922044
TRINITY_DN27320_c0_g3_i3 341.85 256.9 192.342509362285 7.58753383580482
TRINITY_DN273_c1_g2_i10 177.61 133.47 99.9325817985532 6.64288322271048
TRINITY_DN2746_c0_g3_i1 71.06 53.4 39.9820351478249 5.32128000426223
TRINITY_DN2746_c0_g4_i1 77.81 58.48 43.7799346306256 5.45219789526866
TRINITY_DN27492_c1_g1_i1 67.17 50.48 37.7933197421813 5.24005934450476
TRINITY_DN27527_c0_g2_i1 70.15 52.72 39.4700220323659 5.30268541943827
TRINITY_DN2754_c1_g1_i1 73.83 55.49 41.5405805652113 5.37644947411032
TRINITY_DN2755_c0_g1_i1 75.23 56.53 42.3282930505329 5.40355040595842
TRINITY_DN275_c0_g2_i1 72.2 54.26 40.6234581715868 5.34424115270554
TRINITY_DN2763_c0_g2_i2 77.86 58.51 43.8080672193871 5.45312466027829
TRINITY_DN2764_c0_g1_i4 103.89 78.08 58.4538929286171 5.86922720384939
TRINITY_DN2768_c0_g1_i8 90.86 68.28 51.1225402973737 5.67588762098775
TRINITY_DN2770_c1_g1_i1 70.68 53.12 39.7682274732376 5.31354435548263
TRINITY_DN27766_c1_g1_i2 73.31 55.09 41.2480016420918 5.36625232113357
TRINITY_DN2778_c0_g1_i4 73.75 55.43 41.4955684231929 5.37488536495494
TRINITY_DN277_c0_g5_i1 90.62 68.1 50.9875038713185 5.6720718064444
TRINITY_DN2780_c0_g1_i2 247.74 186.18 139.391350795414 7.12299723482834
TRINITY_DN2788_c4_g1_i5 66.97 50.33 37.6807893871353 5.23575728364316
TRINITY_DN27973_c0_g1_i1 83.26 62.57 46.8463868056277 5.54986587407123
TRINITY_DN2797_c0_g1_i8 711.46 534.66 400.304232004947 8.64495305771171
TRINITY_DN27987_c1_g1_i3 82.23 61.8 46.2668554771411 5.53190714447794
TRINITY_DN28001_c3_g1_i1 140.49 105.58 79.0469479020254 6.30463785435123
TRINITY_DN2807_c0_g1_i9 148.29 111.44 83.4356317488173 6.38259172279194
TRINITY_DN2808_c0_g1_i12 414.82 311.74 233.399209400798 7.8666558639499
TRINITY_DN2808_c0_g1_i7 517.34 388.78 291.082269397351 8.18528315348285
TRINITY_DN2812_c0_g1_i1 85.49 64.24 48.10110026439 5.58799798946115
TRINITY_DN28199_c0_g3_i1 273.37 205.44 153.812115794553 7.26502533877194
TRINITY_DN2820_c0_g1_i1 95.39 71.69 53.6713528391644 5.74608034800217
TRINITY_DN28256_c0_g2_i1 89.5 67.26 50.3573338830612 5.65412999796999
TRINITY_DN2833_c0_g1_i5 71.33 53.6 40.133951127137 5.32675128915443
TRINITY_DN2833_c0_g1_i6 162.13 121.84 91.2227323179969 6.51132147756483
TRINITY_DN28429_c0_g1_i1 191.97 144.26 108.012261290852 6.75505128271389
TRINITY_DN2846_c5_g1_i1 139.53 104.85 78.5068021978049 6.29474575617678
TRINITY_DN28542_c1_g1_i1 68.5 51.48 38.5416466032368 5.26834630366626
TRINITY_DN2866_c0_g1_i5 66.19 49.74 37.2419210024561 5.21885558639949
TRINITY_DN2868_c0_g1_i14 189.12 142.13 106.408703731447 6.73347235110854
TRINITY_DN2869_c3_g1_i6 75.92 57.06 42.7165227754414 5.41672230795212
TRINITY_DN287054_c0_g1_i1 64.64 48.57 36.36981075085 5.1846695136828
TRINITY_DN287444_c0_g1_i1 1079.68 811.39 607.48386868004 9.24670228921858
TRINITY_DN2877_c0_g2_i1 130.91 98.38 73.6567438953245 6.20274571707889
TRINITY_DN2880_c0_g1_i5 70.64 53.08 39.7457214022284 5.31272765857948
TRINITY_DN2888_c0_g1_i11 127.07 95.49 71.4961610784424 6.15979387465559
TRINITY_DN2888_c0_g1_i8 253.32 190.37 142.530947701196 7.15513139499932
TRINITY_DN2892_c0_g1_i3 107.37 80.69 60.4119211064166 5.91676136006855
TRINITY_DN29131_c0_g1_i2 78.65 59.1 44.2525621218186 5.46768908123406
TRINITY_DN29158_c0_g1_i4 174.45 131.1 98.1546021888272 6.61698400801275
TRINITY_DN2938_c0_g1_i3 367.73 276.35 206.90393730523 7.69281728918571
TRINITY_DN293_c0_g1_i3 365 274.3 205.367897958853 7.68206687447311
TRINITY_DN29427_c1_g3_i1 132.56 99.62 74.5851193244536 6.22081591815246
TRINITY_DN2945_c0_g1_i1 94.28 70.85 53.0468093686594 5.72919407418118
TRINITY_DN2945_c0_g1_i3 82.05 61.66 46.1655781575997 5.52874564933208
TRINITY_DN2945_c0_g1_i5 145.65 109.45 81.9502310622108 6.35667611195872
TRINITY_DN29552_c0_g1_i2 165.27 124.2 92.9894588922182 6.53899527921726
TRINITY_DN2955_c0_g1_i1 82.63 62.1 46.491916187233 5.53890798335659
TRINITY_DN29687_c0_g2_i1 66.62 50.06 37.4838612658049 5.22819766960536
TRINITY_DN2968_c0_g1_i20 109.8 82.52 61.7791649202248 5.94904846482357
TRINITY_DN2968_c0_g1_i25 101.2 76.05 56.9403596532491 5.83137970051268
TRINITY_DN2968_c0_g1_i6 73.55 55.27 41.383038068147 5.3709676570732
TRINITY_DN2973_c0_g2_i1 1362.36 1023.82 766.534272501981 9.58220648741647
TRINITY_DN2979_c1_g2_i5 110.61 83.13 62.2349128581609 5.95965223274598
TRINITY_DN29876_c0_g1_i4 122.65 92.17 69.0092402319269 6.10871764437597
TRINITY_DN29981_c0_g2_i2 99.68 74.91 56.0851289548999 5.80954638395501
TRINITY_DN2_c4_g1_i3 103.14 77.51 58.0319040971948 5.85877436113023
TRINITY_DN3005_c0_g1_i1 1257.69 945.16 707.641511188685 9.46687487068816
TRINITY_DN3021_c0_g1_i1 68.22 51.26 38.3841041061725 5.26243707054441
TRINITY_DN3021_c3_g1_i1 69.23 52.02 38.9523823991545 5.28363966374772
TRINITY_DN30237_c0_g6_i2 73.85 55.5 41.5518336007159 5.37684023658316
TRINITY_DN3023_c2_g5_i1 112.92 84.86 63.5346384589416 5.9894714443807
TRINITY_DN302_c7_g1_i1 197.87 148.7 111.331906764708 6.79872330567504
TRINITY_DN30312_c0_g2_i1 191.64 144.02 107.826586205026 6.7525691290634
TRINITY_DN30333_c0_g1_i4 68.45 51.44 38.5135140144753 5.26729285707627
TRINITY_DN30476_c0_g1_i1 131.21 98.6 73.8255394278935 6.20604808775832
TRINITY_DN3053_c0_g1_i5 108.03 81.19 60.7832712780682 5.92560241584245
TRINITY_DN30570_c0_g1_i3 366.65 275.54 206.296273387982 7.68857394985885
TRINITY_DN30741_c0_g1_i1 239.86 180.26 134.957654806604 7.07636299865304
TRINITY_DN30811_c0_g1_i1 201.16 151.17 113.183031105213 6.82251386900979
TRINITY_DN30811_c1_g1_i1 346.69 260.54 195.065743954397 7.60781663421915
TRINITY_DN30861_c0_g1_i3 102.75 77.22 57.8124699048552 5.85330880438742
TRINITY_DN3097_c0_g2_i3 177.57 133.44 99.910075727544 6.64255827309688
TRINITY_DN3097_c0_g2_i5 152.64 114.71 85.8831669710667 6.42430348693652
TRINITY_DN3098_c0_g3_i5 238.12 178.95 133.978640717704 7.06585920995912
TRINITY_DN3099_c0_g1_i11 120.56 90.6 67.8332980216968 6.08392173252883
TRINITY_DN30_c10_g1_i2 260.51 195.77 146.576413965098 7.19550916368868
TRINITY_DN3104_c0_g1_i9 77.99 58.61 43.881211950167 5.45553146680782
TRINITY_DN3108_c0_g1_i4 112.89 84.84 63.5177589056847 5.98908810572005
TRINITY_DN3111_c0_g1_i1 90.94 68.34 51.1675524393921 5.67715731967555
TRINITY_DN3111_c0_g2_i4 66.31 49.84 37.3094392154837 5.22146877058425
TRINITY_DN3112_c1_g1_i3 498.02 374.26 280.211837099912 8.13037409117027
TRINITY_DN3116_c4_g1_i1 2190.51 1646.18 1232.49434015849 10.2673653061586
TRINITY_DN31332_c0_g1_i4 89.9 67.56 50.5823945931531 5.66056343133282
TRINITY_DN3133_c0_g1_i2 344.76 259.09 193.979826028203 7.59976280918469
TRINITY_DN3141_c0_g1_i11 323.55 243.15 182.045981875581 7.50815908769998
TRINITY_DN3141_c0_g1_i7 91.1 68.46 51.2575767234288 5.67969336962042
TRINITY_DN31451_c0_g1_i3 73.22 55.02 41.1973629823212 5.36448008923555
TRINITY_DN31460_c0_g1_i2 256.94 193.09 144.567747127528 7.1756019146136
TRINITY_DN31460_c2_g1_i1 129.54 97.35 72.8859109632598 6.18756805967467
TRINITY_DN3146_c1_g1_i1 65.01 48.85 36.577991907685 5.19290396974584
TRINITY_DN3146_c1_g1_i2 93.94 70.59 52.8555077650813 5.7239819091888
TRINITY_DN316_c2_g8_i2 646.66 485.97 363.84439697006 8.50717778383765
TRINITY_DN316_c6_g1_i2 267.16 200.77 150.318048270376 7.23187442981371
TRINITY_DN31701_c0_g1_i9 125.17 94.07 70.4271227055059 6.1380592376275
TRINITY_DN3178_c0_g1_i2 214.66 161.32 120.778830070815 6.91622379320965
TRINITY_DN3186_c1_g1_i1 133.49 100.32 75.1083854754173 6.23090208130137
TRINITY_DN31886_c0_g1_i1 75.26 56.56 42.3451726037898 5.40412560499889
TRINITY_DN318_c0_g4_i4 83.29 62.59 46.8632663588846 5.55038560810539
TRINITY_DN31_c0_g1_i2 1630.68 1225.46 917.504996831624 9.84157220482548
TRINITY_DN3204_c6_g1_i1 82.4 61.92 46.3625062789301 5.53488665300159
TRINITY_DN320_c1_g2_i1 671.67 504.76 377.916317868556 8.56192300315902
TRINITY_DN3214_c6_g1_i1 162.89 122.41 91.6503476671714 6.51806844839396
TRINITY_DN321_c0_g2_i2 119.18 89.56 67.0568385718798 6.06731256304464
TRINITY_DN32227_c0_g1_i1 144.05 108.25 81.0499882218433 6.34074007097824
TRINITY_DN32227_c1_g1_i1 202.94 152.51 114.184551265122 6.83522366253453
TRINITY_DN322446_c0_g1_i1 71.18 53.49 40.0495533608525 5.32371424844079
TRINITY_DN3237_c0_g1_i2 224.68 168.85 126.416600858617 6.98204211850962
TRINITY_DN3241_c0_g3_i1 1020.38 766.82 574.118618408917 9.1652050320947
TRINITY_DN3246_c0_g2_i3 157.45 118.32 88.5895220099217 6.46906416795378
TRINITY_DN32504_c0_g1_i3 126.22 94.85 71.0179070694971 6.15011093898393
TRINITY_DN32571_c0_g2_i5 88.35 66.39 49.710284341547 5.63547245036999
TRINITY_DN32571_c0_g2_i6 82.97 62.35 46.6832177908111 5.54483210175203
TRINITY_DN32609_c0_g1_i3 128.86 96.84 72.5033077561036 6.17997491035244
TRINITY_DN3271_c1_g2_i1 69.8 52.45 39.2730939110355 5.29546935202802
TRINITY_DN3274_c1_g1_i1 221.3 166.31 124.51483785834 6.96017386161938
TRINITY_DN3276_c0_g1_i2 97.83 73.52 55.0442231707249 5.78251925740063
TRINITY_DN3286_c0_g1_i1 105.18 79.04 59.1797137186635 5.8870308124117
TRINITY_DN3292_c0_g1_i2 110.9 83.34 62.3980818729776 5.96342977598008
TRINITY_DN330_c0_g1_i12 411.85 309.51 231.728133628366 7.85628939920042
TRINITY_DN330_c0_g1_i9 142.62 107.18 80.2453961832647 6.3263467195946
TRINITY_DN33115_c1_g1_i1 162.98 122.48 91.7009863269421 6.51886534627951
TRINITY_DN33295_c1_g1_i1 168.82 126.87 94.9868726942838 6.56965623983123
TRINITY_DN3338_c0_g1_i2 217.19 163.22 122.202339062146 6.93312808967001
TRINITY_DN33437_c0_g2_i1 1643.83 1235.35 924.903867675894 9.85315961287984
TRINITY_DN33437_c0_g2_i3 2262.73 1700.45 1273.12905136558 10.3141629508209
TRINITY_DN3361_c0_g1_i4 64.71 48.63 36.4091963751161 5.18623099281262
TRINITY_DN3387_c0_g1_i3 116.85 87.81 65.7458599355945 6.0388281446012
TRINITY_DN33924_c0_g2_i2 65.29 49.06 36.7355344047494 5.19910435705563
TRINITY_DN3398_c0_g1_i3 190.49 143.15 107.179536663512 6.74388567418812
TRINITY_DN33_c0_g1_i1 75.55 56.77 42.5083416186064 5.4096740709832
TRINITY_DN33_c0_g1_i14 254.93 191.58 143.436817059316 7.16427156926425
TRINITY_DN34036_c2_g1_i4 70.96 53.33 39.925769970302 5.31924832523207
TRINITY_DN3410_c0_g1_i1 143.59 107.91 80.7911684052376 6.33612568991466
TRINITY_DN3411_c0_g3_i5 73.91 55.55 41.5855927072297 5.37801188936079
TRINITY_DN341_c1_g1_i4 125.36 94.21 70.5340265427995 6.14024749540359
TRINITY_DN3429_c0_g1_i1 118.36 88.95 66.5954641161914 6.05735201212493
TRINITY_DN34448_c0_g1_i1 241.68 181.62 135.981681037522 7.08726849965895
TRINITY_DN3452_c0_g1_i2 195.29 146.76 109.880265184615 6.77978848710007
TRINITY_DN3452_c1_g1_i3 221.03 166.1 124.362921879028 6.95841260776177
TRINITY_DN348853_c0_g1_i1 82.91 62.31 46.6494586842973 5.54378843517102
TRINITY_DN35002_c0_g1_i1 175.39 131.81 98.6834948575431 6.62473690420562
TRINITY_DN350360_c0_g1_i1 65.32 49.09 36.7524139580063 5.1997671064927
TRINITY_DN351_c0_g1_i7 10742.32 8072.91 6044.18541808588 12.561332203545
TRINITY_DN3547_c0_g1_i2 82.52 62.01 46.4300244919577 5.53698613681749
TRINITY_DN354_c11_g1_i1 95.17 71.52 53.5475694486138 5.74274918668806
TRINITY_DN3556_c0_g1_i4 93.49 70.26 52.6023144662279 5.71705437340665
TRINITY_DN3556_c4_g1_i1 63.81 47.95 35.9028097774094 5.16602484961284
TRINITY_DN355_c0_g1_i8 82.81 62.23 46.5931935067743 5.5420473113284
TRINITY_DN355_c0_g1_i9 121.9 91.61 68.5872514005046 6.09986853643858
TRINITY_DN3563_c0_g1_i1 376 282.56 211.55706748638 7.72490307238337
TRINITY_DN3580_c0_g2_i1 187.8 141.13 105.666003388144 6.72336747347215
TRINITY_DN35827_c0_g1_i1 91.53 68.79 51.4995169867776 5.68648699623082
TRINITY_DN35861_c0_g1_i1 80.76 60.69 45.4397573675534 5.50588322626248
TRINITY_DN35861_c1_g1_i1 64.55 48.51 36.3191720910794 5.18265941112556
TRINITY_DN3591_c0_g1_i16 118.21 88.84 66.5110663499069 6.05552249625112
TRINITY_DN3599_c1_g2_i2 96.58 72.58 54.3409084516878 5.76396677910366
TRINITY_DN35_c0_g2_i1 94.07 70.69 52.9286524958611 5.72597701992977
TRINITY_DN3607_c1_g1_i1 180.2 135.42 101.389849896398 6.66376942163191
TRINITY_DN36128_c0_g1_i6 86.11 64.71 48.4499443650324 5.59842310388504
TRINITY_DN36186_c0_g1_i6 84.93 63.82 47.7860152702614 5.57851656555791
TRINITY_DN3618_c0_g1_i3 81.27 61.07 45.7267097729205 5.51496520985418
TRINITY_DN361_c0_g1_i12 77.91 58.55 43.8361998081486 5.45405083033057
TRINITY_DN361_c1_g2_i1 633.43 476.02 356.400513983771 8.47735560722183
TRINITY_DN3625_c1_g1_i9 196.82 147.91 110.741122400716 6.79104723905783
TRINITY_DN3626_c0_g1_i2 107.48 80.77 60.4738128016919 5.91823863694417
TRINITY_DN3626_c1_g3_i1 63.49 47.72 35.7227612093358 5.15877169351714
TRINITY_DN36334_c2_g1_i1 367.96 276.53 207.033347213533 7.69371935356123
TRINITY_DN36408_c1_g1_i1 101.79 76.49 57.2723242006347 5.83976624636314
TRINITY_DN36485_c0_g1_i1 514.17 386.4 289.298663269873 8.17641584695727
TRINITY_DN36599_c0_g1_i2 417.81 313.99 235.081538208735 7.87701743322956
TRINITY_DN36599_c0_g1_i4 213.4 160.37 120.069888834025 6.9077305866428
TRINITY_DN3664_c0_g1_i3 72.54 54.51 40.8147597751649 5.35101906090129
TRINITY_DN3678_c1_g1_i2 472.7 355.23 265.965494151095 8.05509527517702
TRINITY_DN3693_c0_g1_i1 82.89 62.29 46.6382056487927 5.54344037846466
TRINITY_DN369_c0_g1_i2 283.07 212.73 159.269838014281 7.31532926977493
TRINITY_DN3714_c0_g1_i2 137.64 103.43 77.4433903426206 6.27507020766799
TRINITY_DN3716_c7_g1_i1 72.74 54.66 40.9272901302109 5.35499124138663
TRINITY_DN371_c0_g1_i2 121.16 91.05 68.1708890868346 6.09108389372638
TRINITY_DN3735_c1_g1_i1 4576.41 3439.19 2574.92521067911 11.3303148141427
TRINITY_DN37372_c0_g1_i1 603.71 453.69 339.678503223943 8.4080261089823
TRINITY_DN37516_c0_g1_i4 79.76 59.94 44.8771055923236 5.4879077253292
TRINITY_DN375_c0_g1_i1 280.23 210.59 157.671906972629 7.30078182211796
TRINITY_DN377_c1_g1_i2 66.31 49.84 37.3094392154837 5.22146877058425
TRINITY_DN38188_c0_g1_i1 78.38 58.9 44.1006461425066 5.46272788853322
TRINITY_DN38188_c0_g1_i3 197.4 148.34 111.06746043035 6.79529240027477
TRINITY_DN3833_c0_g1_i5 121.83 91.55 68.5478657762386 6.09903984357649
TRINITY_DN3835_c1_g3_i1 90.97 68.36 51.1844319926489 5.67763316873958
TRINITY_DN38372_c0_g1_i8 77.44 58.19 43.5717534737906 5.4453212682056
TRINITY_DN3837_c1_g1_i1 343.8 258.37 193.439680323983 7.59573995529643
TRINITY_DN3846_c0_g2_i1 11557.81 8685.76 6503.02231426798 12.6668946588675
TRINITY_DN3846_c0_g4_i1 5534.59 4159.27 3114.04688866874 11.6045749521171
TRINITY_DN385_c0_g1_i13 250.61 188.34 141.006161390324 7.13961439362614
TRINITY_DN385_c0_g1_i3 88.4 66.43 49.7384169303085 5.6362886852098
TRINITY_DN385_c0_g1_i6 290.21 218.1 163.287171689421 7.35126764284806
TRINITY_DN385_c0_g1_i9 81.2 61.02 45.6873241486544 5.51372204300355
TRINITY_DN3866_c0_g1_i3 115.17 86.55 64.8006049532085 6.01793537649911
TRINITY_DN3866_c0_g1_i5 97.35 73.16 54.7741503186147 5.77542329453867
TRINITY_DN3866_c0_g1_i6 108.15 81.27 60.8507894910958 5.92720407578035
TRINITY_DN3866_c0_g1_i8 137.46 103.3 77.3421130230793 6.27318227495684
TRINITY_DN38696_c0_g1_i2 85.54 64.28 48.1292328531515 5.58884152280734
TRINITY_DN386_c0_g1_i9 126.74 95.25 71.3104859926165 6.15604233112486
TRINITY_DN3881_c0_g1_i2 75.43 56.68 42.4408234055789 5.40738074151755
TRINITY_DN388_c1_g1_i1 308.14 231.57 173.37551801929 7.43775638288017
TRINITY_DN388_c1_g1_i6 384.82 289.19 216.519656143906 7.75835419178956
TRINITY_DN3890_c0_g3_i1 193.36 145.31 108.794347258421 6.76545978869659
TRINITY_DN38947_c0_g1_i5 407.35 306.12 229.196200639832 7.84043931867101
TRINITY_DN3899_c1_g1_i4 567.86 426.75 319.507437081957 8.31970570253192
TRINITY_DN3915_c0_g1_i2 76.51 57.5 43.048487322827 5.42789063866052
TRINITY_DN3919_c1_g1_i1 189.12 142.13 106.408703731447 6.73347235110854
TRINITY_DN39209_c0_g2_i3 146.51 110.11 82.4341115889084 6.36516954924432
TRINITY_DN3923_c0_g1_i13 95.76 71.96 53.8795339959994 5.75166546787451
TRINITY_DN3929_c2_g1_i1 352.72 265.07 198.458534159032 7.63269379254676
TRINITY_DN3936_c0_g2_i10 2218 1666.84 1247.96163745955 10.2853578708674
TRINITY_DN3936_c0_g2_i11 170.36 128.02 95.8533564281376 6.58275704548135
TRINITY_DN3947_c0_g1_i4 344.86 259.17 194.036091205726 7.60018121208803
TRINITY_DN3954_c0_g1_i2 65.62 49.31 36.9212094905752 5.20637790944943
TRINITY_DN39565_c0_g1_i2 63.44 47.68 35.6946286205744 5.15763508663499
TRINITY_DN3976_c0_g3_i2 65.76 49.42 36.9999807391073 5.20945261461269
TRINITY_DN3993_c0_g3_i1 80.36 60.39 45.2146966574615 5.4987198796643
TRINITY_DN3995_c0_g2_i3 117.26 88.12 65.9765471634387 6.04388137232748
TRINITY_DN39961_c0_g1_i2 754.03 566.66 424.256318076477 8.72879233449194
TRINITY_DN39_c7_g1_i3 158.93 119.44 89.4222466372617 6.48256188737628
TRINITY_DN39_c9_g1_i2 68.2 51.25 38.3728510706679 5.26201405484254
TRINITY_DN40080_c0_g1_i2 241.49 181.48 135.874777200229 7.08613385937955
TRINITY_DN40080_c0_g1_i3 1384.82 1040.7 779.171431373641 9.60579697118476
TRINITY_DN400_c0_g4_i2 136.82 102.82 76.9820158869323 6.26644954561523
TRINITY_DN4017_c0_g1_i2 64.5 48.47 36.2910395023179 5.18154147612899
TRINITY_DN40298_c0_g1_i1 155.45 116.82 87.4642184594622 6.45062102715943
TRINITY_DN4046_c1_g1_i1 170.17 127.89 95.7464525908439 6.58114713101734
TRINITY_DN4046_c1_g1_i2 72.24 54.29 40.645964242596 5.34504020841187
TRINITY_DN405_c3_g1_i3 80.6 60.57 45.3497330835166 5.50302215434634
TRINITY_DN4071_c0_g1_i3 1696.37 1274.83 954.465591946465 9.89854937983668
TRINITY_DN4071_c0_g1_i8 15612.08 11732.56 8784.16452702863 13.1006893608751
TRINITY_DN4076_c6_g1_i5 1853.73 1393.09 1043.00447529662 10.0265296328116
TRINITY_DN4076_c6_g2_i1 2121.13 1594.04 1193.45755999305 10.2209315489651
TRINITY_DN4089_c0_g1_i1 318.04 239.01 178.945770594065 7.4833786356521
TRINITY_DN4106_c0_g1_i3 66.85 50.24 37.6132711741078 5.23316987591172
TRINITY_DN4118_c1_g1_i1 72.38 54.39 40.7247354911282 5.34783342330355
TRINITY_DN412_c1_g1_i4 90.6 68.09 50.9762508358139 5.67175336586461
TRINITY_DN4138_c1_g1_i1 91.6 68.84 51.5389026110437 5.68758991391531
TRINITY_DN4149_c0_g1_i10 84.43 63.45 47.5046893826465 5.56999802970274
TRINITY_DN4149_c0_g1_i6 128.59 96.64 72.3513917767916 6.17694886409996
TRINITY_DN4153_c16_g1_i1 276.62 207.88 155.640734064049 7.28207587954191
TRINITY_DN4153_c1_g1_i1 1055.66 793.33 593.968973039022 9.21424376118488
TRINITY_DN4155_c0_g1_i2 540.36 406.09 304.034513263139 8.24809129399401
TRINITY_DN4157_c0_g2_i12 110.35 82.93 62.0886233966012 5.95625704009799
TRINITY_DN4169_c0_g1_i2 65.06 48.89 36.6061244964465 5.19401313797214
TRINITY_DN4184_c0_g1_i1 73.61 55.32 41.4167971746608 5.37214408690807
TRINITY_DN4187_c0_g1_i1 106.18 79.8 59.7423654938932 5.90068245705474
TRINITY_DN4187_c0_g2_i1 65.83 49.47 37.0393663633734 5.2109875133495
TRINITY_DN4196_c0_g1_i5 86.6 65.08 48.725643734895 5.6066093405451
TRINITY_DN42081_c0_g1_i2 909.17 683.25 511.546114485618 8.99872049062688
TRINITY_DN4220_c0_g1_i1 533.58 400.99 300.219734227082 8.22987500196253
TRINITY_DN4220_c0_g1_i4 176.15 132.38 99.1111102067177 6.63097488531333
TRINITY_DN4220_c0_g1_i5 118.83 89.3 66.8599104505494 6.06306951755678
TRINITY_DN4224_c0_g1_i1 91.97 69.12 51.7470837678787 5.69340565600816
TRINITY_DN4256_c0_g1_i1 178.67 134.27 100.528992680297 6.65146782614353
TRINITY_DN4267_c0_g2_i1 172.71 129.79 97.1755880999275 6.6025220285687
TRINITY_DN426_c2_g2_i1 70.62 53.07 39.7344683667239 5.31231913669061
TRINITY_DN42729_c0_g1_i4 102.91 77.34 57.902494188892 5.85555358949986
TRINITY_DN42778_c0_g1_i1 443.65 333.41 249.620460080672 7.96359237897162
TRINITY_DN42778_c0_g1_i2 139.05 104.5 78.2367293456946 6.28977415516506
TRINITY_DN4289_c0_g1_i18 95.65 71.88 53.8176423007241 5.75000728416448
TRINITY_DN4296_c0_g1_i3 82.17 61.75 46.2330963706273 5.53085408235754
TRINITY_DN43014_c0_g2_i5 104.02 78.17 58.527037659397 5.87103135352721
TRINITY_DN4325_c1_g2_i1 76.11 57.2 42.8234266127351 5.4203283357161
TRINITY_DN432_c2_g2_i10 143.78 108.05 80.8980722425312 6.33803341930681
TRINITY_DN4340_c7_g1_i2 171.79 129.1 96.6579484667161 6.59481646924844
TRINITY_DN4391_c0_g1_i4 133.34 100.2 75.0239877091328 6.22928004270804
TRINITY_DN43961_c0_g2_i3 135.29 101.67 76.1211586708308 6.25022561650901
TRINITY_DN43978_c0_g1_i1 192.18 144.42 108.13041816365 6.75662861442685
TRINITY_DN43_c2_g1_i3 115.36 86.7 64.9075087905022 6.02031348017183
TRINITY_DN440_c1_g1_i3 546.89 410.99 307.70862935539 8.26542109283409
TRINITY_DN4410_c0_g1_i2 149.86 112.62 84.318995035928 6.39778576706502
TRINITY_DN4414_c0_g1_i5 578.76 434.94 325.640341431961 8.34713562641406
TRINITY_DN4420_c2_g1_i1 162.68 122.26 91.5321907943732 6.51620730639314
TRINITY_DN4426_c0_g1_i4 260.59 195.84 146.621426107116 7.19595213280854
TRINITY_DN4426_c0_g1_i7 150.22 112.89 84.5215496750107 6.40124731374513
TRINITY_DN4440_c0_g1_i2 63.98 48.08 35.9984605791984 5.16986330804668
TRINITY_DN4443_c0_g1_i17 94.41 70.95 53.1199540994392 5.73118199495059
TRINITY_DN444_c0_g1_i3 100.59 75.59 56.597142070359 5.82265729944595
TRINITY_DN446_c1_g1_i1 178.86 134.41 100.63589651759 6.65300119164333
TRINITY_DN446_c1_g1_i2 191.01 143.55 107.472115586632 6.747818580536
TRINITY_DN44760_c0_g1_i1 86.65 65.12 48.7537763236565 5.60744206497854
TRINITY_DN4480_c1_g1_i1 90.68 68.15 51.0212629778323 5.67302670667179
TRINITY_DN4496_c1_g2_i2 1347.79 1012.87 758.336436136884 9.56669423218431
TRINITY_DN4496_c1_g2_i3 137.37 103.23 77.2914743633086 6.27223738132571
TRINITY_DN4498_c0_g1_i3 243.53 183.01 137.022586821697 7.0982699166085
TRINITY_DN4502_c0_g2_i2 78.93 59.31 44.4101046188829 5.47281606481805
TRINITY_DN4506_c1_g1_i1 63.89 48.02 35.9478219194277 5.16783245522552
TRINITY_DN4508_c0_g2_i1 80.37 60.4 45.2203231752138 5.49889939749454
TRINITY_DN4508_c0_g3_i1 132.09 99.26 74.3206729900956 6.21569166058906
TRINITY_DN45090_c0_g1_i1 199.48 149.91 112.237776122827 6.81041451859612
TRINITY_DN45090_c1_g1_i1 110.53 83.06 62.1899007161426 5.95860840884885
TRINITY_DN451_c1_g1_i1 80.2 60.27 45.1246723734247 5.49584455227329
TRINITY_DN451_c2_g2_i1 858.43 645.11 482.997163410461 8.91587090607039
TRINITY_DN45263_c0_g2_i2 141.74 106.52 79.7502626210626 6.31741736462983
TRINITY_DN452_c0_g1_i1 370.06 278.1 208.214915941516 7.7019296128023
TRINITY_DN452_c0_g1_i6 204.22 153.47 114.904745537416 6.84429457193559
TRINITY_DN45357_c0_g1_i1 21549.51 16194.57 12124.8700568309 13.5656816654579
TRINITY_DN45396_c0_g1_i8 83.91 63.06 47.212110459527 5.56108507012836
TRINITY_DN4575_c1_g1_i1 65.74 49.4 36.9887277036027 5.20901377201132
TRINITY_DN4578_c0_g1_i10 210.19 157.96 118.263776635538 6.88586444375014
TRINITY_DN45967_c0_g1_i3 896.97 674.08 504.681762827815 8.97923014414785
TRINITY_DN4597_c0_g1_i4 253.58 190.57 142.677237162756 7.15661137425963
TRINITY_DN4599_c0_g1_i2 135.38 101.74 76.1717973306014 6.25118503246545
TRINITY_DN4604_c0_g3_i4 466.96 350.93 262.735872961277 8.03746938381325
TRINITY_DN4634_c2_g1_i1 111.8 84.02 62.9044684706843 5.97509059866156
TRINITY_DN4638_c0_g1_i8 65.98 49.58 37.1237641296579 5.21427109349594
TRINITY_DN463_c1_g1_i3 780.72 586.71 439.273493957358 8.7789756386933
TRINITY_DN4656_c1_g1_i2 78.91 59.3 44.3988515833783 5.47245045532778
TRINITY_DN4657_c0_g1_i1 190.11 142.87 106.965728988925 6.74100483184601
TRINITY_DN4658_c1_g4_i1 89.16 67.01 50.1660322794831 5.64863893219076
TRINITY_DN4665_c0_g2_i7 159.08 119.55 89.5066444035462 6.48392287773622
TRINITY_DN467_c0_g1_i4 105.21 79.07 59.1965932719204 5.88744224690498
TRINITY_DN467_c0_g1_i6 97.88 73.55 55.0723557594864 5.7832564170104
TRINITY_DN467_c0_g1_i7 2464.72 1852.25 1386.77908344423 10.4375222665528
TRINITY_DN467_c1_g1_i2 622.17 467.56 350.065054994684 8.4514792426805
TRINITY_DN467_c1_g2_i2 301.03 226.23 169.375063897407 7.4040776805037
TRINITY_DN4694_c0_g1_i19 70.24 52.79 39.5206606921365 5.30453516046637
TRINITY_DN46_c0_g1_i1 98.4 73.95 55.3649346826059 5.79090063115761
TRINITY_DN4724_c0_g2_i3 650.18 488.61 365.824931218869 8.51500958886401
TRINITY_DN47317_c0_g1_i1 250.87 188.53 141.152450851883 7.14111036851742
TRINITY_DN4742_c0_g1_i2 75.73 56.91 42.6096189381478 5.41310724430299
TRINITY_DN4757_c0_g1_i4 173.18 130.14 97.4400344342854 6.60644273796498
TRINITY_DN475_c0_g4_i1 109.2 82.07 61.441573855087 5.94114326673822
TRINITY_DN47869_c0_g1_i1 66.36 49.87 37.3375718042452 5.22255620188687
TRINITY_DN4789_c0_g1_i2 82.62 62.09 46.4862896694807 5.53873337578713
TRINITY_DN4790_c0_g2_i1 128.37 96.47 72.227608386241 6.17447849527565
TRINITY_DN4801_c0_g1_i1 247.52 186.01 139.267567404864 7.12171551238004
TRINITY_DN4808_c0_g1_i2 155.28 116.69 87.3685676576732 6.44904243364467
TRINITY_DN480_c0_g1_i1 97.12 72.98 54.6447404103118 5.77201073718669
TRINITY_DN4810_c0_g1_i3 64.82 48.71 36.4710880703914 5.18868133624885
TRINITY_DN4815_c1_g1_i4 86.23 64.8 48.51746257806 5.60043219559776
TRINITY_DN4819_c0_g3_i2 95 71.39 53.4519186468248 5.74016982903668
TRINITY_DN4819_c1_g1_i5 100.58 75.59 56.5915155526067 5.82251386900979
TRINITY_DN4830_c0_g3_i2 89.83 67.51 50.5430089688871 5.65943964946036
TRINITY_DN4841_c0_g1_i4 173.5 130.39 97.6200830023589 6.60910607328399
TRINITY_DN4847_c0_g1_i8 69.33 52.1 39.0086475766775 5.2857220761198
TRINITY_DN487_c8_g1_i4 192.87 144.94 108.518647888559 6.76179916704987
TRINITY_DN4895_c0_g1_i3 313.61 235.68 176.453223229797 7.46314197350626
TRINITY_DN4896_c0_g1_i1 21543.78 16190.27 12121.6460621588 13.5652980028211
TRINITY_DN489_c0_g1_i1 247.62 186.09 139.323832582387 7.1222982546592
TRINITY_DN492_c20_g1_i2 175.27 131.72 98.6159766445156 6.62374948954946
TRINITY_DN49382_c0_g2_i1 124.38 93.47 69.9826278030744 6.12892493276158
TRINITY_DN49977_c0_g1_i1 97.44 73.22 54.8247889783853 5.77675644883734
TRINITY_DN5000_c1_g1_i6 108.09 81.23 60.817030384582 5.92640346807895
TRINITY_DN5002_c0_g1_i5 85.81 64.49 48.2811488324635 5.59338809979511
TRINITY_DN5002_c0_g1_i8 76.36 57.38 42.9640895565425 5.42505941833495
TRINITY_DN500_c0_g1_i4 96.9 72.82 54.5209570197613 5.76873898123345
TRINITY_DN5011_c0_g2_i3 76.28 57.32 42.9190774145241 5.42354715924376
TRINITY_DN5024_c0_g1_i1 314.39 236.27 176.892091614476 7.46672574010036
TRINITY_DN502_c1_g1_i12 258.18 194.03 145.265435328813 7.18254765660047
TRINITY_DN502_c1_g1_i9 283.73 213.23 159.641188185933 7.31868911154395
TRINITY_DN50322_c0_g1_i1 103.1 77.48 58.0093980261856 5.85821474318648
TRINITY_DN50322_c0_g2_i2 76.07 57.17 42.8009205417259 5.41956992064232
TRINITY_DN5034_c0_g1_i8 473.82 356.08 266.595664139353 8.05850950667753
TRINITY_DN5047_c0_g2_i1 66.44 49.93 37.3825839462636 5.22429438889338
TRINITY_DN5047_c0_g2_i3 97.18 73.03 54.6784995168256 5.77290174804829
TRINITY_DN5069_c1_g1_i1 113.37 85.2 63.787831757795 5.99520933491213
TRINITY_DN506_c27_g2_i1 1043.2 783.97 586.958331919659 9.19711428004945
TRINITY_DN5071_c0_g1_i2 130.74 98.25 73.5610930935355 6.20087101276807
TRINITY_DN50762_c3_g1_i1 185.14 139.13 104.169349666033 6.7027870375486
TRINITY_DN5091_c0_g1_i5 157.91 118.67 88.8483418265274 6.47327294642585
TRINITY_DN50989_c1_g1_i1 2694.44 2024.89 1516.03144925001 10.5660839664075
TRINITY_DN5107_c2_g1_i1 84.11 63.21 47.324640814573 5.56451965106461
TRINITY_DN5112_c0_g1_i1 338.75 254.57 190.598288859073 7.57439135694697
TRINITY_DN5112_c0_g1_i6 217.27 163.28 122.247351204164 6.93365939568012
TRINITY_DN5112_c0_g1_i7 915.88 688.29 515.321507897409 9.00932899707139
TRINITY_DN5112_c0_g1_i8 800.81 601.81 450.577168121724 8.81563040021422
TRINITY_DN5112_c0_g1_i9 160.43 120.57 90.2662243001063 6.4961143577862
TRINITY_DN5114_c0_g3_i1 77.34 58.12 43.5154882962677 5.44345708001382
TRINITY_DN51200_c0_g1_i3 417.57 313.81 234.94650178268 7.87618847678019
TRINITY_DN512_c3_g1_i1 240.82 180.98 135.497800510825 7.08212562277173
TRINITY_DN512_c3_g1_i2 724.11 544.17 407.421776961603 8.67037928513707
TRINITY_DN512_c3_g2_i3 75.99 57.11 42.7559083997075 5.41805189336467
TRINITY_DN512_c3_g3_i1 207.51 155.95 116.755869877922 6.86735127273656
TRINITY_DN5131_c0_g1_i3 105.98 79.64 59.6298351388473 5.89796244297434
TRINITY_DN513_c12_g2_i1 66.44 49.93 37.3825839462636 5.22429438889338
TRINITY_DN51458_c1_g1_i2 923.54 694.05 519.631420495669 9.02134485847963
TRINITY_DN5154_c0_g1_i2 211.07 158.62 118.75891019774 6.89189194924654
TRINITY_DN516_c0_g1_i1 111.2 83.57 62.5668774055465 5.96732719854188
TRINITY_DN516_c1_g2_i1 174.9 131.44 98.4077954876806 6.62070069974002
TRINITY_DN5178_c0_g1_i1 435.17 327.03 244.849173026724 7.93574951315545
TRINITY_DN5188_c0_g1_i2 247.04 185.65 138.997494552754 7.11891506819909
TRINITY_DN51_c0_g1_i7 67.83 50.97 38.1646699138329 5.25416580840369
TRINITY_DN5232_c0_g1_i6 97.77 73.48 55.0104640642111 5.78163416839073
TRINITY_DN52803_c0_g1_i4 229.4 172.4 129.072317237701 7.0120358018342
TRINITY_DN5304_c0_g1_i1 97.19 73.04 54.6841260345779 5.77305019637285
TRINITY_DN5310_c1_g2_i3 120.92 90.87 68.0358526607795 6.08822329455872
TRINITY_DN5346_c0_g1_i2 68.29 51.32 38.4234897304386 5.26391664950147
TRINITY_DN5353_c1_g1_i1 71.33 53.6 40.133951127137 5.32675128915443
TRINITY_DN5360_c0_g2_i1 195.04 146.57 109.739602240807 6.77794044155122
TRINITY_DN5369_c0_g1_i3 626.62 470.91 352.568855394456 8.46176122781206
TRINITY_DN538_c1_g2_i2 816.18 613.36 459.225125907005 8.84305776913536
TRINITY_DN5414_c0_g1_i1 142.32 106.95 80.0766006506958 6.32330882619817
TRINITY_DN542_c0_g2_i5 76.75 57.68 43.1835237488821 5.43240906607591
TRINITY_DN5452_c0_g1_i7 64.7 48.62 36.4035698573638 5.18600802781088
TRINITY_DN5454_c0_g2_i2 64.36 48.37 36.2122682537857 5.17840664165445
TRINITY_DN54653_c0_g1_i2 115.73 86.97 65.1156899473372 6.02493330466677
TRINITY_DN54703_c0_g1_i2 141.11 106.04 79.3957920026678 6.31099064107475
TRINITY_DN5487_c0_g1_i9 105.38 79.2 59.2922440737094 5.88977149530449
TRINITY_DN54_c0_g1_i1 245.15 184.23 137.934082697569 7.10783517210406
TRINITY_DN55039_c0_g1_i1 3512.77 2639.86 1976.46627647375 10.9487076239941
TRINITY_DN55039_c0_g1_i2 203.68 153.06 114.600913578792 6.84047473483237
TRINITY_DN5511_c0_g2_i2 94.27 70.85 53.0411828509071 5.72904104368081
TRINITY_DN5526_c0_g1_i1 141.41 106.27 79.5645875352368 6.31405455637237
TRINITY_DN5534_c0_g4_i2 168.62 126.72 94.8743423392378 6.56794607481248
TRINITY_DN55377_c8_g1_i2 621.19 466.83 349.513656254959 8.44920501569419
TRINITY_DN5541_c1_g1_i2 74.56 56.03 41.951316361129 5.39064417558529
TRINITY_DN55458_c0_g1_i1 74.32 55.85 41.8162799350739 5.38599281731366
TRINITY_DN55640_c0_g1_i1 5630.02 4230.99 3167.74074757891 11.629238552691
TRINITY_DN55640_c0_g1_i2 237.98 178.85 133.899869469172 7.0650107440421
TRINITY_DN5582_c0_g2_i1 128.21 96.35 72.1375841022043 6.17267920276289
TRINITY_DN55_c1_g1_i3 67.66 50.85 38.0690191120438 5.250545492725
TRINITY_DN5604_c0_g4_i1 160.83 120.86 90.4912850101982 6.49970695141481
TRINITY_DN560_c0_g1_i1 89.48 67.24 50.3460808475566 5.65380757199013
TRINITY_DN5617_c0_g1_i2 136.23 102.38 76.6500513395467 6.2602148530765
TRINITY_DN5624_c0_g1_i4 66.57 50.03 37.4557286770434 5.22711448384918
TRINITY_DN5676_c0_g1_i1 91.53 68.79 51.4995169867776 5.68648699623082
TRINITY_DN5690_c0_g1_i2 1343.95 1009.98 756.175853320002 9.5625779707956
TRINITY_DN569_c2_g1_i1 160.09 120.31 90.0749226965282 6.49305360340029
TRINITY_DN5700_c1_g1_i1 731.41 549.66 411.52913492078 8.68485076214167
TRINITY_DN5724_c0_g1_i1 772.4 580.46 434.592231187447 8.76351857476902
TRINITY_DN5730_c0_g1_i2 71.31 53.59 40.1226980916324 5.3263467195946
TRINITY_DN574_c0_g1_i2 299.5 225.08 168.514206681305 7.39672641349452
TRINITY_DN5752_c3_g1_i1 124.14 93.29 69.8475913770192 6.12613846151217
TRINITY_DN578_c0_g1_i1 82.14 61.73 46.2162168173704 5.53032726291006
TRINITY_DN5800_c0_g1_i6 105.43 79.23 59.3203766624709 5.89045585328937
TRINITY_DN5838_c0_g1_i1 1331.56 1000.67 749.204597824905 9.54921594311814
TRINITY_DN5856_c0_g1_i1 936.69 703.93 527.03029133994 9.0417420736676
TRINITY_DN5856_c0_g1_i4 192.78 144.88 108.468009228788 6.76112579712358
TRINITY_DN5856_c0_g1_i7 151.72 114.02 85.3655273378553 6.41558168722525
TRINITY_DN5858_c0_g1_i2 150.97 113.46 84.943538506433 6.40843230340023
TRINITY_DN5883_c0_g1_i2 507.85 381.65 285.742704050421 8.15857285194272
TRINITY_DN58872_c0_g1_i1 784.99 589.93 441.676017037589 8.78684468608689
TRINITY_DN58872_c0_g1_i4 508.37 382.04 286.03528297354 8.16004930681812
TRINITY_DN59094_c0_g1_i4 102.08 76.71 57.4354932154513 5.84387064469588
TRINITY_DN5913_c0_g1_i5 100.02 75.16 56.276430558478 5.81445892063858
TRINITY_DN5916_c0_g2_i1 89.42 67.2 50.3123217410429 5.65283986147365
TRINITY_DN59343_c0_g1_i4 362 272.04 203.679942633164 7.67016010778894
TRINITY_DN5942_c2_g1_i2 202.19 151.95 113.7625624337 6.82988205605388
TRINITY_DN59567_c0_g1_i2 105.52 79.3 59.3710153222416 5.89168688018255
TRINITY_DN5960_c0_g1_i3 203.32 152.8 114.39835893971 6.83792254637945
TRINITY_DN5964_c0_g1_i1 90.23 67.81 50.7680696789789 5.66584950135026
TRINITY_DN5964_c0_g1_i2 118.64 89.16 66.7530066132557 6.06076091338564
TRINITY_DN59709_c0_g1_i4 13815.05 10382.09 7773.06240738754 12.9242673838766
TRINITY_DN59709_c0_g1_i5 1194.07 897.35 671.845605248569 9.39198591960259
TRINITY_DN5970_c1_g1_i6 97.73 73.44 54.987957993202 5.78104380724044
TRINITY_DN59796_c1_g1_i2 67.14 50.45 37.7764401889244 5.23941485262856
TRINITY_DN597_c0_g1_i4 180.9 135.95 101.783706139059 6.66936281843961
TRINITY_DN597_c0_g1_i8 1009.42 758.59 567.951954952399 9.14962508203355
TRINITY_DN598_c0_g1_i1 145.66 109.46 81.9558575799631 6.35677516074122
TRINITY_DN598_c0_g1_i10 388.05 291.62 218.337021377898 7.77041296522427
TRINITY_DN59932_c2_g1_i1 331.19 248.89 186.344641438336 7.5418295230272
TRINITY_DN5_c6_g1_i1 67.44 50.68 37.9452357214933 5.24584685187309
TRINITY_DN6004_c0_g1_i1 63.5 47.72 35.7283877270881 5.1589989074779
TRINITY_DN60571_c0_g1_i1 79.46 59.72 44.7083100597547 5.48247110901911
TRINITY_DN606_c1_g1_i1 350.57 263.45 197.248832842288 7.62387295334616
TRINITY_DN6088_c0_g1_i1 65.36 49.12 36.7749200290154 5.20065029907669
TRINITY_DN6093_c0_g1_i1 141.36 106.23 79.5364549464753 6.31354435548263
TRINITY_DN6104_c0_g1_i5 81.76 61.44 46.0024091427831 5.52363751186863
TRINITY_DN612_c1_g1_i19 87.1 65.46 49.0069696225099 5.61491503441724
TRINITY_DN6132_c10_g1_i4 1421.9 1068.57 800.03455919916 9.64391851141017
TRINITY_DN6141_c0_g1_i1 626.38 470.73 352.433818968401 8.46120855931398
TRINITY_DN617_c1_g1_i12 156.39 117.53 87.9931111281782 6.45931867624818
TRINITY_DN617_c1_g1_i19 65.36 49.12 36.7749200290154 5.20065029907669
TRINITY_DN617_c1_g1_i22 76.04 57.14 42.784040988469 5.41900084757956
TRINITY_DN617_c1_g1_i6 267.84 201.28 150.700651477532 7.23554184348135
TRINITY_DN6180_c0_g1_i1 108.18 81.3 60.8676690443527 5.92760421308451
TRINITY_DN62016_c0_g1_i3 516.31 388.01 290.502738068864 8.18240795126944
TRINITY_DN6206_c0_g2_i5 227.37 170.87 127.930134133985 6.99921232299375
TRINITY_DN6215_c0_g1_i7 141.26 106.15 79.4801897689523 6.31252341209497
TRINITY_DN62339_c0_g1_i8 85.61 64.33 48.1686184774176 5.590021641516
TRINITY_DN62339_c0_g1_i9 64.45 48.43 36.2629069135564 5.18042267418002
TRINITY_DN624_c0_g2_i2 74.49 55.98 41.9119307368629 5.38928907782901
TRINITY_DN6250_c0_g5_i1 131.42 98.77 73.9436963006917 6.20835525771724
TRINITY_DN6270_c1_g1_i2 83.24 62.56 46.8351337701231 5.54951928066634
TRINITY_DN62780_c0_g1_i3 80.04 60.15 45.034648089388 5.49296348283675
TRINITY_DN63104_c2_g1_i1 2734.15 2054.73 1538.37435124438 10.5871908991237
TRINITY_DN6354_c0_g2_i2 568.84 427.48 320.058835821682 8.32219332721807
TRINITY_DN6364_c0_g1_i1 143.95 108.18 80.9937230443203 6.33973819938181
TRINITY_DN637_c0_g1_i1 165.24 124.18 92.9725793389613 6.53873337578713
TRINITY_DN6392_c1_g1_i4 79.02 59.38 44.4607432786536 5.47446016190868
TRINITY_DN6393_c0_g1_i1 336.08 252.56 189.096008619209 7.56297510141753
TRINITY_DN63980_c0_g2_i1 132.48 99.56 74.5401071824352 6.21994498843033
TRINITY_DN642_c0_g1_i1 656.89 493.66 369.60032463066 8.52982221369005
TRINITY_DN644_c0_g4_i2 101.41 76.21 57.0585165260474 5.83437033342396
TRINITY_DN6461_c0_g1_i2 74.29 55.83 41.799400381817 5.38541034168195
TRINITY_DN6465_c0_g3_i2 65.84 49.48 37.0449928811257 5.21120665135263
TRINITY_DN6467_c0_g2_i1 65.7 49.37 36.9662216325936 5.2081356861407
TRINITY_DN6470_c0_g1_i1 77.97 58.59 43.8699589146624 5.45516145012437
TRINITY_DN6496_c0_g1_i3 130.03 97.72 73.1616103331224 6.19301492494996
TRINITY_DN6496_c0_g1_i6 347.92 261.46 195.757805637929 7.61292602439508
TRINITY_DN64973_c0_g1_i3 89.26 67.08 50.2222974570061 5.65025612218286
TRINITY_DN6505_c0_g1_i2 1590.94 1195.6 895.145215283994 9.80597793290686
TRINITY_DN6514_c1_g1_i3 89.2 67.03 50.1885383504923 5.64928602573868
TRINITY_DN6521_c0_g3_i2 88.12 66.22 49.5808744332442 5.63171181063189
TRINITY_DN6524_c0_g3_i4 159.5 119.86 89.7429581491427 6.4877268344706
TRINITY_DN65317_c1_g1_i4 87.42 65.7 49.1870181905834 5.62020569371668
TRINITY_DN6539_c1_g2_i4 64.58 48.53 36.3360516443363 5.18332975654499
TRINITY_DN653_c3_g1_i3 153.51 115.36 86.3726740155165 6.43250304966221
TRINITY_DN6541_c0_g1_i1 63.37 47.62 35.6552429963083 5.15604233112486
TRINITY_DN65445_c0_g1_i2 610.19 458.56 343.324486727432 8.42342894721672
TRINITY_DN6570_c0_g4_i1 81.02 60.89 45.5860468291131 5.51052040061745
TRINITY_DN6581_c0_g1_i1 63.95 48.06 35.9815810259415 5.16918667470001
TRINITY_DN6619_c1_g1_i1 137.48 103.32 77.3533660585839 6.27339216730331
TRINITY_DN6619_c1_g1_i12 68.43 51.42 38.5022609789707 5.2668712629643
TRINITY_DN6619_c1_g1_i5 185.31 139.26 104.265000467822 6.70411114700557
TRINITY_DN6627_c0_g1_i3 2527.94 1899.76 1422.34992867426 10.4740607272967
TRINITY_DN66736_c0_g1_i4 105.2 79.06 59.1909667541681 5.88730511511067
TRINITY_DN6673_c0_g1_i2 174.85 131.4 98.3796628989191 6.62028820651609
TRINITY_DN66954_c0_g1_i3 66.14 49.7 37.2137884136946 5.21776536112212
TRINITY_DN66954_c0_g1_i5 96.56 72.56 54.3296554161832 5.76366799168603
TRINITY_DN66_c0_g1_i2 166.42 125.07 93.6365084337324 6.54899923438583
TRINITY_DN6720_c0_g1_i4 173.36 130.28 97.5413117538268 6.60794146902468
TRINITY_DN6728_c0_g1_i1 144.06 108.26 81.0556147395956 6.34084021988258
TRINITY_DN6747_c0_g1_i5 83.89 63.04 47.2008574240224 5.5607411618929
TRINITY_DN6747_c0_g2_i3 432.1 324.72 243.121832076768 7.9255356414081
TRINITY_DN6748_c2_g1_i2 627.81 471.8 353.23841100698 8.46449841938696
TRINITY_DN6765_c1_g1_i1 87.32 65.62 49.1307530130604 5.6185544459218
TRINITY_DN67856_c1_g2_i1 215.98 162.31 121.521530414118 6.92506813381027
TRINITY_DN6796_c0_g7_i3 91.52 68.78 51.4938904690253 5.6863293677094
TRINITY_DN6818_c0_g1_i1 162.17 121.87 91.245238389006 6.51167736903524
TRINITY_DN6838_c0_g1_i3 82.61 62.08 46.4806631517284 5.53855874708258
TRINITY_DN6844_c0_g2_i1 66.14 49.7 37.2137884136946 5.21776536112212
TRINITY_DN68493_c0_g1_i2 339.15 254.88 190.823349569164 7.57609390329106
TRINITY_DN6917_c0_g1_i3 228.12 171.43 128.352122965407 7.00396334830072
TRINITY_DN691_c0_g1_i1 70.57 53.03 39.7063357779624 5.31129732558416
TRINITY_DN694_c3_g1_i6 69.8 52.46 39.2730939110355 5.29546935202802
TRINITY_DN6955_c0_g1_i3 160.66 120.74 90.3956342084091 6.49818119210777
TRINITY_DN69704_c1_g1_i1 187.84 141.16 105.688509459153 6.72367472404106
TRINITY_DN6_c3_g2_i1 283.23 212.85 159.359862298318 7.31614449567174
TRINITY_DN7002_c0_g1_i1 104.67 78.66 58.8927613132963 5.88001841384654
TRINITY_DN702_c0_g1_i5 255.84 192.26 143.948830174775 7.16941225441134
TRINITY_DN706_c0_g3_i1 166.53 125.15 93.6984001290077 6.54995250941375
TRINITY_DN707_c0_g3_i1 85.51 64.26 48.1123532998946 5.58833546198688
TRINITY_DN7089_c0_g1_i4 112.98 84.9 63.5683975654554 5.99023781626639
TRINITY_DN7089_c0_g2_i4 139.36 104.73 78.4111513960158 6.29298693952987
TRINITY_DN7114_c0_g1_i4 103.88 78.07 58.4482664108648 5.86908832960942
TRINITY_DN711_c0_g1_i3 106.99 80.4 60.1981134318293 5.91164636949373
TRINITY_DN7126_c0_g1_i5 69.83 52.48 39.2899734642924 5.29608928831525
TRINITY_DN71295_c0_g4_i2 69.89 52.52 39.3237325708061 5.29732836228854
TRINITY_DN7131_c0_g1_i5 93.43 70.21 52.5685553597141 5.71612818353476
TRINITY_DN7189_c0_g1_i3 114.48 86.03 64.4123752283 6.00926598765768
TRINITY_DN7238_c0_g1_i6 375.31 282.05 211.168837761472 7.72225314130808
TRINITY_DN72510_c0_g1_i1 349.44 262.61 196.613036336278 7.61921517185086
TRINITY_DN7274_c0_g1_i1 108.22 81.33 60.8901751153619 5.92813755691346
TRINITY_DN729_c0_g6_i5 112.1 84.24 63.0732640032532 5.9789566886238
TRINITY_DN7301_c0_g1_i2 472.75 355.27 265.993626739857 8.0552478686555
TRINITY_DN7301_c0_g1_i3 183.25 137.71 103.105937810849 6.68798360883955
TRINITY_DN73363_c0_g1_i13 78.89 59.29 44.3875985478738 5.47208475316083
TRINITY_DN73424_c0_g1_i1 103.16 77.52 58.0431571326994 5.85905408872022
TRINITY_DN73424_c0_g1_i2 484.77 364.31 272.756701078118 8.09147083084574
TRINITY_DN73437_c1_g1_i1 126.99 95.43 71.451148936424 6.15888530497059
TRINITY_DN7360_c0_g1_i13 66.48 49.96 37.4050900172728 5.22516269770135
TRINITY_DN7363_c0_g1_i5 106.89 80.33 60.1418482543063 5.91029729978546
TRINITY_DN7371_c0_g1_i1 528.12 396.88 297.147655534327 8.21503618804671
TRINITY_DN74042_c0_g1_i1 1739.67 1307.37 978.828413813912 9.93491217091561
TRINITY_DN7420_c0_g1_i13 91.45 68.73 51.4545048447592 5.68522548556709
TRINITY_DN7420_c0_g1_i4 68.87 51.76 38.7498277600718 5.27611799262282
TRINITY_DN7420_c0_g3_i1 72.79 54.71 40.9554227189724 5.35598258000935
TRINITY_DN7426_c0_g1_i9 197.22 148.21 110.966183110808 6.79397627273247
TRINITY_DN742_c0_g1_i3 140.89 105.88 79.2720086121173 6.30873962707911
TRINITY_DN743_c1_g1_i5 168.01 126.26 94.5311247563477 6.56271751563362
TRINITY_DN743_c1_g1_i6 2362.88 1775.72 1329.47862665484 10.3766448685768
TRINITY_DN744_c0_g4_i1 340.78 256.09 191.740471962789 7.58301107835787
TRINITY_DN7519_c0_g1_i3 73.66 55.35 41.4449297634222 5.37312371283075
TRINITY_DN751_c0_g1_i2 129.75 97.51 73.0040678360581 6.18990494906361
TRINITY_DN7528_c0_g3_i3 74.8 56.21 42.0863527871841 5.39528058570601
TRINITY_DN75489_c0_g3_i1 456.78 343.28 257.008077889438 8.00566989451639
TRINITY_DN75505_c0_g1_i2 111.68 83.93 62.8369502576568 5.97354125714066
TRINITY_DN7565_c0_g1_i4 254.73 191.43 143.32428670427 7.16313928883028
TRINITY_DN7572_c0_g2_i1 207.44 155.89 116.716484253656 6.8668645217843
TRINITY_DN7596_c0_g2_i2 786.56 591.11 442.5593803247 8.78972723130367
TRINITY_DN760_c0_g1_i4 206.17 154.94 116.001916499114 6.8580048304804
TRINITY_DN760_c1_g2_i3 404.44 303.94 227.558883973914 7.83009610047071
TRINITY_DN760_c1_g2_i9 68.08 51.16 38.3053328576403 5.25947335261697
TRINITY_DN7610_c0_g1_i7 1779.65 1337.42 1001.3232317876 9.96769204267516
TRINITY_DN761_c0_g2_i1 107.8 81.01 60.6538613697654 5.92252758857088
TRINITY_DN7688_c0_g1_i6 73.68 55.37 41.4561827989268 5.37351537702234
TRINITY_DN7704_c0_g2_i2 404.65 304.1 227.677040846712 7.83084500594573
TRINITY_DN7713_c0_g3_i1 134.9 101.38 75.9017244784912 6.24606075876664
TRINITY_DN771_c0_g3_i1 68.26 51.3 38.4066101771817 5.26328273002987
TRINITY_DN772_c0_g2_i4 79.17 59.5 44.5451410449381 5.47719616697843
TRINITY_DN7736_c0_g1_i3 66.56 50.02 37.4501021592911 5.2268977490721
TRINITY_DN77442_c0_g1_i1 299.96 225.42 168.773026497911 7.39894053903773
TRINITY_DN7752_c2_g1_i1 67.61 50.81 38.0408865232823 5.24947896274304
TRINITY_DN77784_c0_g1_i3 113.21 85.08 63.6978074737582 5.9931718095797
TRINITY_DN77867_c0_g1_i1 2085.38 1567.17 1173.34275902858 10.1964088023056
TRINITY_DN778_c1_g3_i1 86.15 64.74 48.4724504360416 5.59909311204332
TRINITY_DN7807_c0_g2_i1 291.6 219.14 164.069257656991 7.35816113014531
TRINITY_DN780_c5_g1_i1 74.13 55.71 41.7093760977802 5.38229982698095
TRINITY_DN782_c0_g2_i3 172.89 129.93 97.2768654194688 6.60402483603885
TRINITY_DN782_c0_g2_i5 5407.23 4063.56 3042.38755857548 11.5709882290528
TRINITY_DN78517_c0_g1_i4 620.39 466.23 349.063534834775 8.44734584239495
TRINITY_DN78517_c0_g1_i5 427.29 321.11 240.415477037913 7.90938596405641
TRINITY_DN7861_c2_g1_i1 78.78 59.2 44.3257068525985 5.47007173254505
TRINITY_DN7874_c0_g1_i3 74.54 56.02 41.9400633256244 5.39025713465986
TRINITY_DN7879_c0_g1_i3 69.36 52.12 39.0255271299344 5.28634621415284
TRINITY_DN788_c0_g1_i10 242.06 181.91 136.19548871211 7.08953510663089
TRINITY_DN788_c0_g1_i2 85.14 63.99 47.9041721430596 5.58207940571272
TRINITY_DN788_c2_g1_i3 94.95 71.36 53.4237860580633 5.73941031596787
TRINITY_DN79033_c0_g1_i1 251.84 189.26 141.698223073856 7.14667785643849
TRINITY_DN7913_c0_g1_i2 368.84 277.19 207.528480775735 7.69716553227908
TRINITY_DN7962_c3_g1_i1 353.83 265.9 199.083077629537 7.63722678472805
TRINITY_DN7981_c0_g1_i15 138.35 103.97 77.8428731030338 6.28249305442833
TRINITY_DN7981_c0_g1_i9 193.21 145.2 108.709949492137 6.76434017637802
TRINITY_DN79_c2_g1_i1 112.01 84.18 63.0226253434826 5.97779794907036
TRINITY_DN7_c1_g1_i6 146.9 110.4 82.653545781248 6.36900480637465
TRINITY_DN7_c3_g1_i8 124.82 93.8 70.2301945841755 6.13401952728521
TRINITY_DN8024_c1_g1_i1 69.75 52.42 39.244961322274 5.29443553253492
TRINITY_DN8038_c2_g1_i2 69.28 52.06 38.980514987916 5.28468124565773
TRINITY_DN8038_c2_g1_i5 196.34 147.55 110.471049548606 6.7875245309304
TRINITY_DN8051_c0_g1_i4 109.42 82.23 61.5653572456375 5.94404687131359
TRINITY_DN808_c1_g1_i1 130.98 98.44 73.6961295195906 6.20351694664296
TRINITY_DN8097_c0_g1_i1 78.71 59.15 44.2863212283324 5.46878925544158
TRINITY_DN810_c2_g1_i6 1852.17 1391.92 1042.12673852726 10.0253150266988
TRINITY_DN8130_c0_g2_i1 83.3 62.6 46.8688928766369 5.55055881118392
TRINITY_DN81784_c0_g1_i4 78.12 58.71 43.9543566809469 5.4579342648178
TRINITY_DN817_c1_g1_i3 79.04 59.4 44.4719963141582 5.47482526251569
TRINITY_DN8208_c0_g1_i2 298.12 224.04 167.737747231488 7.39006357525246
TRINITY_DN8223_c0_g1_i5 156.51 117.62 88.0606293412057 6.46042524967991
TRINITY_DN8231_c0_g1_i4 233.97 175.83 131.643635850501 7.04049396752898
TRINITY_DN8249_c0_g1_i2 151.04 113.51 84.9829241306991 6.40910108029285
TRINITY_DN8254_c0_g1_i20 256.94 193.09 144.567747127528 7.1756019146136
TRINITY_DN8257_c0_g1_i2 382.89 287.74 215.433738217713 7.75110039206105
TRINITY_DN82609_c3_g1_i1 202.8 152.41 114.10578001659 6.83422806282171
TRINITY_DN827_c1_g5_i1 123.64 92.91 69.5662654894044 6.12031596978923
TRINITY_DN829_c0_g1_i1 526.02 395.31 295.966086806345 8.20928806427993
TRINITY_DN8315_c0_g2_i5 89.29 67.1 50.239177010263 5.65074092589761
TRINITY_DN8334_c0_g1_i2 89.05 66.92 50.1041405842079 5.64685792691999
TRINITY_DN834_c0_g1_i1 328.33 246.74 184.735457361179 7.52931698760381
TRINITY_DN834_c0_g1_i5 408.74 307.17 229.978286607402 7.8453538453679
TRINITY_DN834_c0_g1_i7 24046.11 18070.78 13529.5864788695 13.7238301247027
TRINITY_DN834_c270_g1_i1 18830.48 14151.21 10595.003000428 13.3710963758204
TRINITY_DN83883_c0_g1_i1 223.36 167.85 125.673900515314 6.97354125714066
TRINITY_DN8389_c0_g1_i2 70.47 52.96 39.6500706004394 5.30925152966436
TRINITY_DN8427_c0_g1_i1 735.7 552.89 413.942911036516 8.69328800183815
TRINITY_DN8427_c0_g1_i2 892.12 670.43 501.952901717951 8.97140819210684
TRINITY_DN84611_c1_g1_i1 202.54 152.21 113.95949055503 6.83237726713377
TRINITY_DN848_c0_g2_i2 65.61 49.3 36.9155829728229 5.20615803670026
TRINITY_DN84960_c0_g1_i3 92.72 69.68 52.169072599301 5.70512288193748
TRINITY_DN84_c0_g2_i1 101.2 76.05 56.9403596532491 5.83137970051268
TRINITY_DN8503_c0_g1_i4 779.53 585.82 438.603938344835 8.77677495619812
TRINITY_DN8503_c0_g1_i5 153.87 115.64 86.5752286545992 6.43588238762948
TRINITY_DN8503_c0_g1_i8 599.44 450.48 337.275980143712 8.39778576706502
TRINITY_DN8535_c0_g1_i6 85.52 64.27 48.1179798176469 5.5885041686515
TRINITY_DN8537_c0_g4_i1 72.99 54.85 41.0679530740183 5.35994113659059
TRINITY_DN8546_c1_g1_i1 664.54 499.4 373.904610711168 8.54652645131348
TRINITY_DN8572_c0_g1_i8 164.52 123.64 92.5674700607959 6.53243338743139
TRINITY_DN8572_c0_g3_i1 218.77 164.41 123.091328867009 6.94358532494251
TRINITY_DN8600_c0_g1_i6 201.1 151.13 113.1492719987 6.82208349212372
TRINITY_DN8616_c4_g1_i1 74.24 55.79 41.7712677930555 5.38443902605858
TRINITY_DN863_c0_g2_i2 185.69 139.55 104.478808142409 6.70706653410667
TRINITY_DN8646_c1_g1_i2 744.44 559.45 418.860487552024 8.71032598636549
TRINITY_DN8653_c1_g3_i1 177.54 133.42 99.8931961742871 6.64231451284609
TRINITY_DN8677_c0_g1_i2 105.46 79.25 59.3372562157278 5.89086631231084
TRINITY_DN86981_c0_g1_i2 157.46 118.33 88.595148527674 6.46915579381777
TRINITY_DN869_c0_g1_i2 1570.2 1180.01 883.475817465729 9.78704683558756
TRINITY_DN86_c2_g1_i4 692.4 520.34 389.580089169068 8.60577613518501
TRINITY_DN8712_c0_g1_i1 72.48 54.47 40.7810006686512 5.34982527097724
TRINITY_DN8744_c0_g1_i1 111.35 83.68 62.6512751718309 5.96927196860616
TRINITY_DN875_c9_g1_i1 160.89 120.91 90.525044116712 6.50024506967576
TRINITY_DN878_c2_g2_i2 93.89 70.56 52.8273751763198 5.72321382364604
TRINITY_DN8799_c1_g1_i4 951.51 715.06 535.368790648845 9.06438922922316
TRINITY_DN88078_c0_g1_i1 4687.13 3522.4 2637.22201523255 11.3648033146406
TRINITY_DN8824_c0_g1_i6 84.91 63.81 47.7747622347568 5.57817678810912
TRINITY_DN8878_c0_g1_i12 98.09 73.72 55.1905126322847 5.78634838082683
TRINITY_DN8938_c0_g1_i2 109.97 82.64 61.8748157220139 5.95128041828281
TRINITY_DN893_c0_g1_i5 64.16 48.22 36.0997378987398 5.17391645738593
TRINITY_DN895_c4_g1_i1 167.72 126.04 94.3679557415311 6.5602251457774
TRINITY_DN8988_c1_g1_i3 228.21 171.5 128.402761625178 7.00453242136347
TRINITY_DN9019_c0_g1_i7 211.04 158.6 118.742030644483 6.89168688018255
TRINITY_DN9026_c0_g1_i4 90.42 67.95 50.8749735162726 5.66888423324999
TRINITY_DN902_c0_g2_i3 113.03 84.94 63.5965301542169 5.99087614866957
TRINITY_DN9045_c0_g1_i1 70.73 53.16 39.7963600619991 5.31456457689625
TRINITY_DN9073_c0_g1_i2 114.92 86.36 64.6599420094011 6.01480030846353
TRINITY_DN909_c1_g1_i2 91.86 69.03 51.6851920726034 5.69167909915195
TRINITY_DN9112_c0_g1_i4 65.57 49.28 36.8930769018137 5.20527821045504
TRINITY_DN91537_c0_g2_i2 70.29 52.82 39.548793280898 5.3055617705153
TRINITY_DN9173_c0_g1_i1 69.96 52.58 39.3631181950722 5.29877260485266
TRINITY_DN917_c0_g1_i9 64.74 48.65 36.426075928373 5.18689968114018
TRINITY_DN918_c2_g1_i1 131.99 99.19 74.2644078125727 6.21459904084516
TRINITY_DN92010_c0_g1_i4 78.94 59.32 44.4157311366352 5.47299883482411
TRINITY_DN9204_c0_g1_i2 72.8 54.71 40.9610492367247 5.35618076601707
TRINITY_DN9225_c2_g1_i1 721.66 542.33 406.04328011229 8.66548970210024
TRINITY_DN9225_c4_g1_i1 202.58 152.24 113.98199662604 6.83266215952034
TRINITY_DN9225_c5_g1_i1 108.1 81.24 60.8226569023343 5.92653693355302
TRINITY_DN92704_c0_g2_i1 85.12 63.97 47.892919107555 5.5817404664322
TRINITY_DN9296_c0_g1_i1 843.67 634.02 474.69242320807 8.89084921218294
TRINITY_DN9296_c0_g1_i3 222.5 167.21 125.190019988616 6.96797574655949
TRINITY_DN9320_c0_g1_i2 493.36 370.76 277.589879827342 8.11681116190903
TRINITY_DN93255_c1_g1_i1 95.15 71.5 53.5363164131092 5.74244597209239
TRINITY_DN9327_c0_g1_i1 231.45 173.94 130.225753376922 7.02487097311026
TRINITY_DN932_c3_g1_i1 196.11 147.38 110.341639640303 6.78583351348923
TRINITY_DN9373_c1_g1_i4 695.79 522.89 391.487478687097 8.6128223549541
TRINITY_DN9412_c0_g2_i3 138.57 104.14 77.9666564935843 6.2847853625012
TRINITY_DN942_c0_g1_i3 87.78 65.97 49.3895728296661 5.62613458579065
TRINITY_DN942_c0_g1_i4 566.81 425.96 318.916652717966 8.31703562184709
TRINITY_DN9432_c2_g1_i2 457.72 343.98 257.536970558154 8.00863574211846
TRINITY_DN943_c0_g1_i1 213.89 160.74 120.345588203888 6.91103944423327
TRINITY_DN9469_c0_g3_i1 90.61 68.09 50.9818773535662 5.67191259494052
TRINITY_DN9495_c0_g5_i2 75.59 56.81 42.5308476896156 5.41043770473976
TRINITY_DN95341_c0_g1_i6 801.96 602.68 451.224217663238 8.81770069050133
TRINITY_DN9560_c0_g1_i1 141.25 106.15 79.4745632512 6.31242127800828
TRINITY_DN956_c0_g1_i7 742.98 558.35 418.039015960188 8.70749378640023
TRINITY_DN959_c1_g1_i1 2949.8 2216.79 1659.71020657267 10.6967156466933
TRINITY_DN95_c1_g1_i10 562.25 422.53 316.350960622918 8.30538216648355
TRINITY_DN95_c1_g1_i2 114.43 85.99 64.3842426395385 6.00863574211845
TRINITY_DN95_c1_g1_i8 100.74 75.71 56.6815398366435 5.82480704658919
TRINITY_DN9638_c0_g1_i13 96.85 72.78 54.4928244309998 5.76799436442162
TRINITY_DN9646_c1_g1_i1 484.13 363.83 272.396603941971 8.08956490668338
TRINITY_DN9646_c1_g1_i2 89.65 67.37 50.4417316493457 5.65654589868675
TRINITY_DN965_c0_g2_i2 83.83 63 47.1670983175086 5.55970894502973
TRINITY_DN9685_c0_g1_i1 115.51 86.81 64.9919065567866 6.02218816537635
TRINITY_DN969_c0_g2_i4 180.34 135.53 101.46862114493 6.66488983720786
TRINITY_DN970_c1_g1_i3 88.64 66.61 49.8734533563637 5.6402001969802
TRINITY_DN972_c0_g1_i1 113.19 85.06 63.6865544382536 5.99291691646227
TRINITY_DN9735_c0_g4_i1 116.97 87.9 65.813378148622 6.0403089710498
TRINITY_DN9748_c0_g2_i1 75.06 56.41 42.2326422487439 5.40028660581798
TRINITY_DN9754_c0_g1_i4 136.88 102.86 77.0157749934461 6.26708207542042
TRINITY_DN975_c0_g1_i4 168.85 126.89 95.0037522475407 6.56991258982585
TRINITY_DN9776_c0_g1_i3 144.11 108.3 81.083747328357 6.34134086014887
TRINITY_DN9790_c0_g1_i1 69.49 52.22 39.0986718607142 5.28904769647358
TRINITY_DN98081_c0_g3_i1 116.08 87.23 65.3126180686676 6.02928983499775
TRINITY_DN982_c0_g4_i3 76.85 57.75 43.2397889264051 5.43428757550914
TRINITY_DN983_c2_g1_i2 75.14 56.47 42.2776543907623 5.40182343157278
TRINITY_DN984_c0_g1_i6 157.83 118.61 88.803329684509 6.47254186638695
TRINITY_DN9862_c1_g5_i2 87.18 65.52 49.0519817645283 5.61623951928501
TRINITY_DN990_c2_g1_i3 7721.85 5803.01 4344.71261055773 12.0850450349962
TRINITY_DN9925_c0_g1_i2 357.7 268.81 201.260539999676 7.6529205288136
TRINITY_DN995_c0_g1_i1 245.32 184.36 138.029733499358 7.1088352665717
TRINITY_DN996_c1_g2_i1 1154.09 867.3 649.350787274884 9.3428542401751
TRINITY_DN9979_c1_g1_i1 93.83 70.51 52.793616069806 5.7222915808866
TRINITY_DN9983_c1_g3_i2 133.48 100.31 75.102758957665 6.23079400211333
TRINITY_DN9993_c0_g3_i5 137.86 103.6 77.5671737331712 6.27737433090908
TRINITY_DN9994_c0_g2_i3 212.74 159.88 119.698538662374 6.90326172904515
TRINITY_DN9999_c1_g2_i3 104.55 78.57 58.8252431002687 5.87836347240795
TRINITY_DN9999_c1_g2_i4 196.17 147.43 110.375398746817 6.78627483959878
TRINITY_DN9_c0_g3_i7 73.87 55.51 41.5630866362205 5.37723089324433
