transcript_id TPM FPKM fold.change log2.FC
TRINITY_DN10023_c0_g1_i2 93.48 54.92 63.9833266320993 5.99962409813912
TRINITY_DN10040_c0_g2_i4 96.76 56.85 66.2283556367343 6.04937713333622
TRINITY_DN10051_c0_g1_i1 63.68 37.42 43.5864167729149 5.44580669989994
TRINITY_DN100531_c0_g1_i1 11174.61 6565.58 7648.57425776982 12.9009751301218
TRINITY_DN100567_c1_g1_i1 151.04 88.74 103.380847823195 6.69182512871813
TRINITY_DN100597_c0_g1_i2 221.73 130.28 151.765329633455 7.24569843850723
TRINITY_DN1008_c0_g1_i2 59.59 35.01 40.7869751177449 5.35003661146993
TRINITY_DN10131_c0_g2_i1 158.47 93.11 108.466386086743 6.7611042081176
TRINITY_DN10132_c0_g1_i1 62.41 36.67 42.7171524936812 5.4167435757105
TRINITY_DN10192_c0_g1_i5 69.46 40.81 47.5425959335218 5.57114877473838
TRINITY_DN102691_c0_g1_i4 59.5 34.96 40.7253737121299 5.34785603243896
TRINITY_DN1026_c0_g1_i5 66.35 38.98 45.4139251394928 5.50506282961385
TRINITY_DN102_c2_g1_i2 121.38 71.31 83.0797623727451 6.37642518463573
TRINITY_DN103226_c0_g1_i1 73617.35 43253.43 50388.1359738936 15.6207964667172
TRINITY_DN10365_c0_g1_i1 641.51 376.92 439.087974623 8.7783662134459
TRINITY_DN10365_c0_g2_i1 74.18 43.58 50.7732474279966 5.6659966318593
TRINITY_DN1039_c1_g3_i1 59.19 34.78 40.5131910927894 5.34031982080101
TRINITY_DN10406_c1_g1_i4 91.23 53.6 62.4432914917246 5.96447468110825
TRINITY_DN1041_c0_g1_i3 122.96 72.24 84.1612092713193 6.39508352904706
TRINITY_DN1041_c0_g1_i9 147.31 86.55 100.827811790485 6.65574982859191
TRINITY_DN10457_c0_g1_i2 71.96 42.28 49.2537460894936 5.62216155060778
TRINITY_DN104991_c1_g1_i1 58414.63 34321.17 39982.4812942151 15.2870803873943
TRINITY_DN10526_c0_g1_i7 130.39 76.61 89.2467475348676 6.47972768810957
TRINITY_DN105349_c0_g1_i1 889.39 522.55 608.75193488792 9.24971064251183
TRINITY_DN10563_c0_g5_i1 82.33 48.37 56.3515969364648 5.81638459010604
TRINITY_DN10593_c0_g1_i3 125.83 73.93 86.1256096503749 6.42837038502893
TRINITY_DN1064_c0_g1_i1 57.31 33.67 39.2264061754986 5.2937532602721
TRINITY_DN1070_c0_g1_i2 4615.33 2711.71 3159.00905974462 11.6252563592682
TRINITY_DN1070_c0_g1_i3 180.46 106.03 123.517662858672 6.94857354977555
TRINITY_DN1070_c0_g1_i8 54.23 31.87 37.1182691833413 5.2140575343715
TRINITY_DN1070_c1_g1_i10 135.35 79.53 92.6416694443157 6.53358934645862
TRINITY_DN1070_c1_g1_i15 919.45 540.22 629.326804363326 9.29766558143489
TRINITY_DN107148_c0_g1_i1 224.13 131.69 153.408033783188 7.26123022669429
TRINITY_DN107154_c0_g1_i1 166.4 97.77 113.894154381486 6.83154989238475
TRINITY_DN10910_c0_g1_i1 600.87 353.04 411.271517687521 8.68394735226751
TRINITY_DN10914_c0_g1_i3 65.11 38.25 44.5651946621308 5.47784550253159
TRINITY_DN10935_c0_g1_i6 299.44 175.93 204.954721081684 7.67916141225625
TRINITY_DN1099_c0_g1_i7 245.84 144.44 168.267661737647 7.39461413094926
TRINITY_DN1099_c2_g1_i6 85.14 50.03 58.2749297117772 5.864803454138
TRINITY_DN10_c1_g1_i1 85.89 50.46 58.7882747585687 5.8774565350768
TRINITY_DN10_c2_g2_i1 493.51 289.96 337.787885389466 8.39997377723329
TRINITY_DN10_c2_g2_i2 426.18 250.4 291.703189388833 8.18835735006052
TRINITY_DN10_c2_g3_i3 161.3 94.77 110.403408063304 6.7866408973993
TRINITY_DN1106_c0_g1_i12 60.72 35.68 41.5604149882442 5.37713815477176
TRINITY_DN1106_c0_g1_i7 266.91 156.82 182.689235252178 7.51324781714001
TRINITY_DN1106_c0_g1_i8 113.07 66.43 77.3918992542946 6.27411065974181
TRINITY_DN1107_c5_g1_i4 63.85 37.52 43.7027749835209 5.44965298394638
TRINITY_DN11103_c1_g1_i1 62.54 36.74 42.8061323017917 5.41974558328133
TRINITY_DN11110_c0_g4_i1 287.33 168.82 196.665909726156 7.61960309080048
TRINITY_DN11147_c0_g2_i1 55.71 32.73 38.1312700756766 5.25290268001287
TRINITY_DN11256_c0_g3_i2 125.35 73.65 85.7970688204284 6.42285645507759
TRINITY_DN1128_c6_g1_i2 62.58 36.77 42.8335107042872 5.42066802259721
TRINITY_DN11290_c0_g1_i1 57.12 33.56 39.0963587636447 5.28896234338539
TRINITY_DN11322_c0_g1_i2 202.25 118.83 138.432047618122 7.113034161561
TRINITY_DN1137_c0_g1_i1 205.98 121.02 140.985083650832 7.13939872203471
TRINITY_DN11407_c0_g1_i14 343.15 201.61 234.872470408696 7.87573381358724
TRINITY_DN11428_c0_g1_i2 150.46 88.4 102.98386098701 6.68627445438371
TRINITY_DN11441_c0_g1_i2 392.97 230.88 268.972270716903 8.07131363779356
TRINITY_DN11441_c0_g1_i8 186.93 109.83 127.946119462327 6.99939258164325
TRINITY_DN11441_c0_g1_i9 94.31 55.41 64.5514284838819 6.01237711673756
TRINITY_DN11477_c0_g1_i3 103.13 60.59 70.5883662341506 6.14135852541899
TRINITY_DN11481_c0_g1_i1 72.3 42.48 49.4864625107058 5.62896201119477
TRINITY_DN11497_c0_g1_i2 2019.13 1186.33 1382.01384577097 10.4325563541691
TRINITY_DN1149_c3_g1_i1 643.17 377.89 440.224178326565 8.78209457397264
TRINITY_DN11533_c0_g1_i1 55.83 32.8 38.2134052831633 5.2560069201366
TRINITY_DN1160_c0_g1_i5 109.2 64.16 74.7430388128502 6.22386731516351
TRINITY_DN1165_c0_g1_i15 86.7 50.94 59.3426874091036 5.89099835746549
TRINITY_DN11671_c0_g1_i3 159.97 93.99 109.493076180326 6.77469583333517
TRINITY_DN11674_c1_g1_i3 67.8 39.83 46.4063922299565 5.53625163738
TRINITY_DN1167_c0_g1_i1 622.65 365.83 426.179057846348 8.73531589156842
TRINITY_DN1167_c0_g1_i10 360.52 211.82 246.761541692388 7.94697375471154
TRINITY_DN1167_c0_g1_i11 4958.16 2913.13 3393.66250293335 11.7286273817893
TRINITY_DN1167_c0_g1_i12 580.52 341.08 397.34275541791 8.63424023039586
TRINITY_DN1167_c0_g1_i16 5621.28 3302.75 3847.54165950457 11.9097212321734
TRINITY_DN1167_c0_g1_i17 4391.84 2580.4 3006.03908040136 11.5536480499825
TRINITY_DN1167_c0_g1_i18 2057.45 1208.84 1408.24235536171 10.4596799245962
TRINITY_DN1167_c0_g1_i2 59.57 35 40.7732859164971 5.34955232309986
TRINITY_DN1167_c0_g1_i23 147.2 86.49 100.752521183622 6.65467213030067
TRINITY_DN1167_c0_g1_i4 168.67 99.1 115.447878723108 6.85109785458214
TRINITY_DN1167_c0_g1_i7 443.29 260.45 303.414301056304 8.24514527660149
TRINITY_DN1167_c0_g1_i8 323.9 190.3 221.696614207712 7.79244292703884
TRINITY_DN11690_c0_g2_i1 127.78 75.08 87.460306772033 6.45055650365081
TRINITY_DN11695_c0_g1_i2 182.93 107.48 125.208279212772 6.96818615128086
TRINITY_DN1170_c0_g1_i3 453.93 266.7 310.69695612012 8.2793642973049
TRINITY_DN11714_c0_g1_i1 113.43 66.64 77.6383048767546 6.27869671406468
TRINITY_DN11788_c0_g1_i1 76.83 45.14 52.5870665933268 5.71663611767492
TRINITY_DN11790_c0_g1_i2 102.11 59.99 69.8902169705141 6.12701862036087
TRINITY_DN11820_c0_g6_i1 109.22 64.17 74.756728014098 6.22413152083056
TRINITY_DN11832_c0_g1_i3 54.4 31.97 37.2346273939474 5.21857301549399
TRINITY_DN11832_c0_g1_i8 99.62 58.53 68.1859114151661 6.09140177502888
TRINITY_DN11849_c0_g1_i1 390.93 229.69 267.57597218963 8.063804760316
TRINITY_DN11869_c0_g1_i1 54.04 31.75 36.9882217714874 5.20899403868198
TRINITY_DN1189_c0_g1_i3 991.79 582.72 678.840645276527 9.4069291379543
TRINITY_DN1189_c0_g1_i6 151.17 88.82 103.469827631306 6.6930663210472
TRINITY_DN1190_c0_g2_i1 547.09 321.44 374.461255532255 8.54867264452523
TRINITY_DN1190_c1_g1_i2 301.51 177.15 206.371553410828 7.68910031081937
TRINITY_DN11959_c0_g2_i2 113.2 66.51 77.4808790624052 6.27576841707554
TRINITY_DN1197_c0_g1_i2 60.27 35.41 41.2524079601693 5.36640642881074
TRINITY_DN119_c2_g1_i10 73.96 43.45 50.6226662142711 5.66171158876049
TRINITY_DN1201_c1_g1_i18 82.71 48.6 56.6116917601725 5.82302813208764
TRINITY_DN12063_c0_g1_i4 3384.55 1988.57 2316.5893041578 11.177786583775
TRINITY_DN12124_c0_g1_i1 73.87 43.4 50.5610648086561 5.65995494166962
TRINITY_DN1214_c0_g1_i1 57.2 33.61 39.1511155686358 5.29098151102205
TRINITY_DN1222_c0_g3_i2 93.89 55.16 64.2639552576786 6.00593787207132
TRINITY_DN12252_c0_g1_i1 182.2 107.05 124.708623367228 6.96241741804571
TRINITY_DN12257_c0_g4_i1 148.76 87.4 101.820278880949 6.66988111196828
TRINITY_DN1229_c1_g1_i2 101.56 59.67 69.5137639362003 6.1192267590038
TRINITY_DN12323_c0_g1_i1 64.74 38.04 44.3119444390469 5.46962372956547
TRINITY_DN12334_c0_g2_i2 411.97 242.05 281.977011902289 8.13943374187962
TRINITY_DN1233_c0_g1_i3 228.53 134.27 156.419658057698 7.28927802467172
TRINITY_DN1238_c3_g1_i2 54.68 32.13 37.4262762114162 5.22597960696235
TRINITY_DN12432_c0_g1_i2 120.61 70.86 82.5527281247057 6.36724398763885
TRINITY_DN12527_c0_g2_i3 67.58 39.71 46.2558110162309 5.53156271452009
TRINITY_DN1263_c0_g2_i1 115.43 67.82 79.0072250015321 6.30391268485136
TRINITY_DN1267_c0_g1_i4 60.32 35.44 41.2866309632887 5.36760279262496
TRINITY_DN1274_c3_g1_i1 97.95 57.55 67.0428631109769 6.06701185651124
TRINITY_DN1278_c2_g1_i1 54.51 32.03 37.3099180008101 5.22148728431157
TRINITY_DN1283_c0_g1_i1 148.22 87.08 101.450670447259 6.66463458910034
TRINITY_DN12844_c1_g1_i4 76.29 44.82 52.2174581596369 5.70646032676756
TRINITY_DN1284_c0_g1_i5 52.65 30.94 36.0368222847671 5.17139989526937
TRINITY_DN1287_c1_g1_i11 71.05 41.74 48.6308874327199 5.60380101348644
TRINITY_DN1287_c1_g1_i16 54.56 32.06 37.3441410039296 5.22281000838047
TRINITY_DN1287_c1_g1_i20 56.84 33.4 38.9047099461759 5.28187291859907
TRINITY_DN128_c1_g1_i1 284.1 166.92 194.455103724641 7.6032932904332
TRINITY_DN128_c1_g1_i4 239.22 140.55 163.736536124634 7.35523247007478
TRINITY_DN12911_c3_g1_i1 66.31 38.96 45.3865467369972 5.50419281900953
TRINITY_DN1295_c0_g1_i2 72.75 42.74 49.7944695387807 5.6379136120393
TRINITY_DN129_c0_g1_i7 58.89 34.6 40.3078530740728 5.33298903754362
TRINITY_DN13005_c0_g4_i1 213.46 125.42 146.1048449175 7.19086020927519
TRINITY_DN130311_c0_g1_i1 121.65 71.47 83.26456658959 6.37963077918208
TRINITY_DN13084_c0_g2_i5 105.22 61.82 72.0188877645431 6.17030341409108
TRINITY_DN13121_c1_g1_i1 62.32 36.61 42.6555510880662 5.41466159741796
TRINITY_DN1323_c0_g3_i1 1606.8 944.06 1099.79042824622 10.1030129202891
TRINITY_DN1324_c0_g1_i3 254.62 149.6 174.277221085421 7.44524020401922
TRINITY_DN13251_c0_g1_i1 175.23 102.96 119.937936732379 6.9061442495189
TRINITY_DN132619_c0_g1_i1 236.86 139.16 162.121210377397 7.34092904129944
TRINITY_DN13282_c2_g1_i1 108.42 63.7 74.209159964187 6.21352537094205
TRINITY_DN13301_c0_g1_i2 57.82 33.97 39.5754808073169 5.30653497283334
TRINITY_DN1334_c0_g2_i1 141.26 83 96.6868284130332 6.59524746052025
TRINITY_DN1335_c0_g2_i5 241.04 141.62 164.982253438181 7.36616703695076
TRINITY_DN13387_c0_g1_i8 63.56 37.35 43.5042815654282 5.44308548870481
TRINITY_DN134022_c0_g1_i1 8012.43 4707.66 5484.1883376854 12.4210624015814
TRINITY_DN134022_c0_g1_i3 5310.29 3120.03 3634.68142470229 11.8276132039256
TRINITY_DN13407_c0_g1_i7 71.6 42.07 49.0073404670337 5.61492595150791
TRINITY_DN13424_c0_g1_i2 334.27 196.4 228.794465054684 7.83790834095245
TRINITY_DN1342_c2_g1_i1 62.87 36.94 43.03200412238 5.42733812713475
TRINITY_DN1345_c0_g1_i4 137.12 80.56 93.8531637547438 6.55233347346879
TRINITY_DN13461_c0_g1_i1 1735.77 1019.84 1188.0652424925 10.2143983484404
TRINITY_DN1348_c0_g1_i3 162.41 95.42 111.163158732555 6.79653492459538
TRINITY_DN13514_c1_g1_i1 829.04 487.1 567.44477012276 9.14833617028835
TRINITY_DN1351_c0_g1_i14 95.01 55.82 65.030550527554 6.02304573210564
TRINITY_DN135233_c0_g1_i3 69.64 40.92 47.6657987447517 5.57488256700739
TRINITY_DN1363_c0_g1_i1 1199.13 704.54 820.756594612208 9.68081062638061
TRINITY_DN1363_c0_g1_i2 427.05 250.91 292.298669643111 8.19129945270708
TRINITY_DN1363_c0_g1_i3 948.72 557.42 649.360950389444 9.34287681989706
TRINITY_DN1366_c0_g1_i8 141.87 83.36 97.1043490510903 6.60146400653525
TRINITY_DN1369_c0_g1_i5 65.32 38.38 44.7089312752324 5.48249115491799
TRINITY_DN136_c0_g1_i8 53.73 31.57 36.7760391521469 5.20069420206341
TRINITY_DN137464_c0_g1_i3 103.73 60.95 70.9990422715838 6.14972765866869
TRINITY_DN13763_c0_g1_i2 228.79 134.43 156.597617673919 7.29091845479087
TRINITY_DN13769_c0_g1_i1 67.64 39.74 46.2968786199743 5.53284302376628
TRINITY_DN13804_c0_g1_i8 58.67 34.47 40.1572718603473 5.32758935602766
TRINITY_DN1393_c3_g1_i1 53.75 31.58 36.7897283533947 5.20123111872048
TRINITY_DN139508_c0_g1_i2 73.62 43.26 50.3899497930589 5.65506411374035
TRINITY_DN13975_c0_g1_i1 100.28 58.92 68.6376550563427 6.10092836019023
TRINITY_DN1402_c1_g1_i12 1919.8 1127.96 1314.0264277739 10.3597785761784
TRINITY_DN1402_c1_g1_i16 74.73 43.91 51.1497004623104 5.67665388631829
TRINITY_DN1402_c1_g1_i19 241.93 142.14 165.591422893707 7.37148413755654
TRINITY_DN1402_c1_g1_i20 89.03 52.31 60.9374793544694 5.92925791985404
TRINITY_DN1402_c1_g1_i7 69.98 41.11 47.8985151659639 5.58190902859614
TRINITY_DN1405_c4_g7_i1 89.9 52.82 61.5329596087476 5.9432874797581
TRINITY_DN14064_c0_g1_i6 57.21 33.61 39.1579601692597 5.29123370839021
TRINITY_DN140809_c0_g1_i4 15898.29 9340.94 10881.7445652743 13.4096222480776
TRINITY_DN1412_c1_g1_i8 108.07 63.5 73.9695989423509 6.20886054850923
TRINITY_DN1414_c0_g1_i13 440.69 258.93 301.634704894093 8.23665861870672
TRINITY_DN1414_c0_g1_i18 135.82 79.8 92.9633656736384 6.53859039634031
TRINITY_DN1414_c0_g1_i3 500.6 294.13 342.640707231802 8.42055274993199
TRINITY_DN1414_c0_g1_i5 2187.62 1285.32 1497.33852168285 10.5481847106954
TRINITY_DN1414_c0_g1_i6 214.19 125.84 146.604500763044 7.19578558471201
TRINITY_DN1416_c0_g1_i1 71.6 42.07 49.0073404670337 5.61492595150791
TRINITY_DN142072_c0_g1_i1 362.71 213.11 248.260509229019 7.95571098020382
TRINITY_DN14222_c0_g6_i1 91.52 53.77 62.6417849098173 5.96905341613468
TRINITY_DN1422_c1_g1_i8 87.52 51.42 59.9039446602624 5.90457910214885
TRINITY_DN1425_c0_g1_i8 125.91 73.98 86.180366455366 6.42928732796336
TRINITY_DN14305_c0_g4_i1 68.46 40.22 46.858135871133 5.55022765636613
TRINITY_DN1432_c1_g1_i6 73.65 43.27 50.4104835949306 5.6556518892795
TRINITY_DN1432_c1_g1_i7 210.61 123.74 144.154133739692 7.17146839768105
TRINITY_DN1436_c0_g1_i5 762.45 447.97 521.866574568294 9.02753719041326
TRINITY_DN1436_c0_g1_i9 123.87 72.78 84.784067928093 6.40572128325363
TRINITY_DN144078_c0_g1_i2 291.89 171.5 199.787047610649 7.64231924460877
TRINITY_DN144124_c0_g1_i2 347.39 204.1 237.774581073224 7.89345068400167
TRINITY_DN14427_c0_g1_i5 121.94 71.65 83.4630600076828 6.38306591001276
TRINITY_DN14530_c5_g1_i1 57.99 34.07 39.6918390179229 5.31077050228869
TRINITY_DN14771_c0_g1_i2 55.1 32.38 37.7137494376195 5.23701868281481
TRINITY_DN147_c0_g1_i2 53.88 31.66 36.8787081615052 5.2047162148186
TRINITY_DN147_c0_g1_i5 81.35 47.8 55.6808260753239 5.79910870991618
TRINITY_DN14806_c0_g1_i1 267.03 156.89 182.771370459665 7.51389629227887
TRINITY_DN1481_c0_g3_i1 172.38 101.28 117.987225554571 6.88248685760997
TRINITY_DN14846_c0_g1_i1 58.96 34.64 40.35576527844 5.33470288845136
TRINITY_DN1486_c0_g2_i2 52.57 30.89 35.982065479776 5.16920609892817
TRINITY_DN14943_c0_g1_i6 69.72 40.96 47.7205555497428 5.57653893348198
TRINITY_DN15139_c0_g1_i2 62.73 36.86 42.9361797136456 5.42412192666703
TRINITY_DN151520_c0_g4_i1 86.45 50.79 59.1715723935064 5.88683232788594
TRINITY_DN1525_c1_g1_i8 62.68 36.83 42.9019567105261 5.42297154382887
TRINITY_DN1526_c1_g1_i1 294.31 172.92 201.44344096163 7.65423102158945
TRINITY_DN153171_c1_g1_i1 1264.65 743.04 865.602417899918 9.75756071884628
TRINITY_DN153171_c2_g1_i1 114.82 67.46 78.5897043634749 6.29626841962756
TRINITY_DN1534_c0_g1_i5 77.34 45.44 52.936141225145 5.7261811284391
TRINITY_DN1539_c0_g1_i4 104.93 61.65 71.8203943464503 6.16632166936176
TRINITY_DN1546_c2_g1_i1 467.8 274.85 320.190417185452 8.32278632059608
TRINITY_DN1546_c2_g1_i2 79.05 46.45 54.1065679318298 5.75773182660203
TRINITY_DN155_c3_g2_i5 64.18 37.71 43.9286468041092 5.4570901536381
TRINITY_DN1563_c0_g4_i1 60.62 35.62 41.4919689820053 5.37476021614062
TRINITY_DN15678_c0_g1_i1 58.85 34.58 40.2804746715773 5.3320087792821
TRINITY_DN15680_c2_g1_i6 205.03 120.46 140.334846591563 7.13272947929326
TRINITY_DN15698_c0_g1_i2 502.13 295.03 343.687931127257 8.42495538100031
TRINITY_DN1575_c1_g1_i2 61.65 36.22 42.1969628462657 5.39906725864649
TRINITY_DN15800_c0_g1_i1 121.83 71.58 83.38776940082 6.38176389200177
TRINITY_DN1585_c1_g1_i2 389.24 228.69 266.419234684193 8.05755443427755
TRINITY_DN1585_c1_g1_i4 155.78 91.53 106.625188518918 6.73640448208094
TRINITY_DN1585_c1_g1_i5 327.98 192.71 224.489211262258 7.81050230185719
TRINITY_DN1585_c1_g1_i7 285.15 167.54 195.173786790149 7.60861549161336
TRINITY_DN1594_c0_g1_i2 420.46 247.04 287.788077831969 8.16886301670713
TRINITY_DN1597_c1_g1_i3 1052.69 618.5 720.524263076001 9.4929032025898
TRINITY_DN1597_c1_g1_i8 801.79 471.09 548.793233422667 9.10011888307892
TRINITY_DN159802_c0_g1_i1 503.55 295.86 344.659864415849 8.42902949666236
TRINITY_DN16033_c0_g1_i1 542.21 318.57 371.121090427798 8.53574618000717
TRINITY_DN16033_c0_g1_i2 336.32 197.61 230.19760818258 7.84672903331847
TRINITY_DN16045_c0_g1_i2 110.07 64.67 75.3385190671284 6.23531576932599
TRINITY_DN16067_c0_g1_i2 111.46 65.49 76.2899185538488 6.2534205174344
TRINITY_DN1612_c3_g1_i1 97.87 57.5 66.9881063059858 6.06583306364338
TRINITY_DN1619_c0_g1_i1 91.77 53.92 62.8128999254145 5.97298897163565
TRINITY_DN1619_c0_g1_i6 81.09 47.65 55.5028664591028 5.79449037661214
TRINITY_DN16277_c0_g1_i1 60.6 35.6 41.4782797807575 5.37428415771661
TRINITY_DN16327_c0_g1_i1 161.26 94.75 110.376029660808 6.7862830861274
TRINITY_DN1635_c0_g1_i4 931.15 547.09 637.334987093274 9.31590805077659
TRINITY_DN1636_c0_g1_i1 91.8 53.93 62.8334337272862 5.97346051765746
TRINITY_DN163810_c0_g1_i1 56.29 33.07 38.5282569118621 5.26784501222411
TRINITY_DN1645_c0_g2_i6 125.01 73.45 85.5643523992162 6.41893796478
TRINITY_DN16469_c1_g1_i1 55.26 32.47 37.8232630476017 5.24120192616878
TRINITY_DN16494_c1_g1_i1 143.48 84.3 98.2063297515362 6.61774410931382
TRINITY_DN16544_c0_g1_i1 137.28 80.66 93.962677364726 6.55401591685584
TRINITY_DN1660_c1_g1_i3 306.4 180.03 209.718563115909 7.71231075616861
TRINITY_DN166945_c0_g4_i1 107.76 63.31 73.7574163230104 6.2047162148186
TRINITY_DN167678_c0_g2_i2 401.16 235.7 274.577998627866 8.10107221969485
TRINITY_DN168183_c0_g2_i1 1108.16 651.09 758.491262736704 9.56698875155352
TRINITY_DN1689_c0_g1_i1 77.44 45.5 53.0045872313839 5.72804531663089
TRINITY_DN16919_c0_g1_i7 70.53 41.44 48.2749682002777 5.59320340373047
TRINITY_DN1696_c0_g1_i1 160.79 94.47 110.054333431485 6.78207214279182
TRINITY_DN16986_c0_g1_i4 72.86 42.81 49.8697601456435 5.64009335909908
TRINITY_DN16_c1_g4_i2 251.73 147.9 172.299131505117 7.4287716192748
TRINITY_DN16_c21_g1_i1 107.83 63.36 73.8053285273777 6.20565307326668
TRINITY_DN1702_c0_g2_i7 697.19 409.63 477.198710896805 8.89844633552099
TRINITY_DN17072_c0_g1_i1 181.97 106.91 124.551197552879 6.96059508285322
TRINITY_DN17104_c0_g1_i3 69.38 40.76 47.4878391285307 5.56948620464268
TRINITY_DN1710_c0_g1_i5 161.05 94.62 110.232293047706 6.78440311962647
TRINITY_DN1710_c0_g1_i9 81.21 47.72 55.5850016665894 5.79662375229241
TRINITY_DN1711_c19_g1_i2 58.23 34.21 39.8561094328962 5.31672898279111
TRINITY_DN1721_c1_g1_i2 83.35 48.97 57.0497462001013 5.83414856323007
TRINITY_DN1733_c2_g1_i1 180.31 105.94 123.414993849313 6.94737386982099
TRINITY_DN17378_c2_g1_i1 76.34 44.85 52.2516811627563 5.70740555057185
TRINITY_DN1751_c0_g1_i1 1580.94 928.87 1082.09029103285 10.0796051692155
TRINITY_DN1751_c0_g1_i3 56.43 33.15 38.6240813205965 5.27142871360064
TRINITY_DN1751_c0_g2_i1 268.58 157.8 183.832283556367 7.52224633636244
TRINITY_DN1758_c2_g1_i1 77.04 45.27 52.7308032064284 5.72057406719975
TRINITY_DN1759_c0_g3_i2 84.53 49.67 57.85740907372 5.85442981393454
TRINITY_DN175_c0_g2_i1 132.04 77.58 90.376106637809 6.49786950257883
TRINITY_DN17693_c0_g1_i2 83.93 49.31 57.4467330362868 5.84415294482812
TRINITY_DN1769_c0_g1_i22 80.5 47.3 55.0990350222934 5.78395514724563
TRINITY_DN17775_c1_g1_i2 143.37 84.24 98.1310391446734 6.61663763232392
TRINITY_DN17781_c2_g1_i1 15935.63 9362.89 10907.3023040038 13.4130067045022
TRINITY_DN17781_c75_g1_i1 53063.11 31176.91 36319.5795811405 15.1484598822963
TRINITY_DN17781_c77_g1_i1 32867.89 19311.33 22496.7580399862 14.4574294922528
TRINITY_DN17798_c0_g1_i2 150.92 88.67 103.298712615708 6.6906784641664
TRINITY_DN178266_c0_g1_i5 181.78 106.8 124.421150141025 6.95908793738134
TRINITY_DN1782_c0_g1_i2 88.54 52.02 60.6020939238989 5.92129573745416
TRINITY_DN17854_c3_g1_i1 63.89 37.54 43.7301533860165 5.45055650365081
TRINITY_DN179_c0_g1_i1 205.77 120.9 140.841347037731 7.13792712040821
TRINITY_DN18077_c0_g1_i6 107.48 63.15 73.5657675055416 6.20096268536946
TRINITY_DN1808_c0_g2_i1 21237.93 12478.22 14536.5148928077 13.8273938063354
TRINITY_DN1815_c0_g1_i2 1504.53 883.98 1029.79069766573 10.0081354277756
TRINITY_DN1815_c0_g1_i3 1017.25 597.68 696.266998464944 9.44349683420473
TRINITY_DN1815_c0_g1_i5 433.06 254.44 296.412274618067 8.21146138156135
TRINITY_DN1820_c0_g1_i1 80.15 47.09 54.8594740004574 5.7776688843982
TRINITY_DN18256_c0_g3_i2 95.56 56.14 65.4070035618678 6.03137321781263
TRINITY_DN18256_c0_g3_i9 54.04 31.75 36.9882217714874 5.20899403868198
TRINITY_DN1828_c0_g2_i2 274.1 161.05 187.610503100753 7.55159678706943
TRINITY_DN1834_c0_g2_i4 454.53 267.05 311.107632157553 8.28126997757788
TRINITY_DN18469_c0_g1_i1 236.95 139.22 162.182811783012 7.34147711987626
TRINITY_DN18531_c0_g1_i2 428.22 251.6 293.099487916106 8.19524663722374
TRINITY_DN18579_c0_g2_i1 85.41 50.18 58.4597339286221 5.86937135781971
TRINITY_DN18617_c0_g8_i1 123.38 72.49 84.4486824975225 6.40000301028682
TRINITY_DN1864_c0_g1_i2 54.91 32.26 37.5837020257656 5.23203527530056
TRINITY_DN18677_c0_g1_i4 58.66 34.47 40.1504272597234 5.32734343511325
TRINITY_DN1870_c1_g2_i2 205.52 120.75 140.670232022134 7.13617325425711
TRINITY_DN187_c0_g3_i2 84.18 49.46 57.617848051884 5.84844387369735
TRINITY_DN1886_c0_g1_i2 53.95 31.7 36.9266203658724 5.20658932373167
TRINITY_DN18873_c0_g1_i2 108.56 63.78 74.3049843729214 6.21538708477515
TRINITY_DN1887_c0_g2_i1 92.49 54.34 63.3057111703344 5.98426375418462
TRINITY_DN18934_c0_g1_i1 131.71 77.39 90.1502348172207 6.49425934438412
TRINITY_DN18952_c0_g1_i1 97.29 57.16 66.5911194698004 6.05725788853326
TRINITY_DN18968_c0_g1_i1 227.02 133.38 155.386123363491 7.27971386051795
TRINITY_DN1900_c0_g1_i8 92.51 54.35 63.3194003715822 5.98457568824873
TRINITY_DN19080_c0_g2_i1 1431.44 841.03 979.763511705736 9.93628975363328
TRINITY_DN19089_c0_g1_i2 59.71 35.08 40.8691103252316 5.35293893273219
TRINITY_DN1914_c0_g2_i5 98.59 57.93 67.4809175509057 6.07640768524583
TRINITY_DN1914_c0_g2_i9 56.13 32.98 38.4187433018799 5.26373842331823
TRINITY_DN19198_c0_g1_i2 229.88 135.06 157.343679141923 7.2977754131917
TRINITY_DN1919_c0_g1_i14 272.69 160.22 186.645414412785 7.54415625408031
TRINITY_DN1925_c0_g1_i3 311.86 183.23 213.455715056552 7.7377929795487
TRINITY_DN1930_c4_g1_i1 55.06 32.35 37.6863710351239 5.23597097395185
TRINITY_DN1930_c4_g1_i7 91.58 53.81 62.6828525135607 5.96999892902984
TRINITY_DN19331_c0_g1_i1 682.6 401.05 467.212438586553 8.86793487334252
TRINITY_DN1943_c0_g1_i4 62.64 36.8 42.8745783080306 5.42205057664733
TRINITY_DN194450_c0_g1_i1 164.45 96.62 112.559457259828 6.81454346707906
TRINITY_DN1944_c6_g1_i1 68.48 40.24 46.8718250723808 5.55064906575744
TRINITY_DN19533_c0_g1_i8 68.25 40.1 46.7143992580314 5.54579541005087
TRINITY_DN1954_c0_g3_i1 72.4 42.54 49.5549085169447 5.63095606132686
TRINITY_DN196963_c0_g1_i4 79.69 46.82 54.5446223717586 5.76936506118817
TRINITY_DN1970_c0_g2_i2 52.81 31.03 36.1463358947493 5.17577750542773
TRINITY_DN19740_c0_g1_i2 242.26 142.34 165.817294714296 7.3734506772918
TRINITY_DN19758_c0_g1_i5 247.14 145.2 169.157459818753 7.40222299094571
TRINITY_DN198411_c0_g1_i2 104.8 61.58 71.7314145383398 6.16453317578111
TRINITY_DN1988_c3_g1_i1 188.84 110.95 129.253438181489 7.01405884696029
TRINITY_DN1991_c1_g2_i1 66.17 38.88 45.2907223282628 5.50114364357308
TRINITY_DN19975_c0_g2_i1 78.81 46.3 53.9422975168565 5.75334506521108
TRINITY_DN19975_c0_g2_i7 70.07 41.17 47.9601165715789 5.58376326024989
TRINITY_DN1997_c1_g1_i15 535.28 314.5 366.377782195444 8.51718820825237
TRINITY_DN199_c1_g2_i2 85.14 50.02 58.2749297117772 5.864803454138
TRINITY_DN1_c1_g1_i1 190.2 111.75 130.184303866338 7.02441170510422
TRINITY_DN1_c1_g1_i12 578.93 340.14 396.254463918712 8.63028337748636
TRINITY_DN1_c1_g1_i13 75.96 44.63 51.9915863390486 5.70020626950579
TRINITY_DN1_c1_g1_i6 184.96 108.67 126.597733139421 6.98410776185697
TRINITY_DN1_c4_g1_i2 68.62 40.32 46.9676494811152 5.55359548991395
TRINITY_DN200769_c0_g1_i1 103.42 60.76 70.7868596522433 6.14540966883968
TRINITY_DN2033_c1_g1_i1 1635.32 960.83 1119.31122922555 10.1283955242204
TRINITY_DN2033_c1_g1_i2 926.52 544.37 634.165937004414 9.30871657772644
TRINITY_DN2033_c25_g1_i1 3949.16 2320.31 2703.04229998311 11.4003683734856
TRINITY_DN20382_c1_g2_i1 68.51 40.25 46.8923588742525 5.5512809491346
TRINITY_DN20443_c0_g4_i2 56.79 33.37 38.8704869430564 5.28060327578115
TRINITY_DN2044_c1_g1_i2 60.45 35.52 41.3756107713992 5.37070870349278
TRINITY_DN2044_c1_g1_i4 149.63 87.91 102.415759135227 6.67829391562962
TRINITY_DN2044_c1_g2_i1 245.28 144.11 167.88436410271 7.39132406101507
TRINITY_DN2057_c0_g1_i4 143.57 84.35 98.2679311571512 6.61864877789375
TRINITY_DN206708_c0_g1_i2 1588.97 933.59 1087.58650533383 10.0869144404306
TRINITY_DN20706_c0_g1_i1 105.11 61.76 71.9435971576803 6.16879439047138
TRINITY_DN20708_c0_g1_i2 723.39 425.02 495.131564531389 8.95166811350694
TRINITY_DN20714_c0_g1_i1 70.94 41.68 48.5555968258571 5.60156569429148
TRINITY_DN20794_c2_g1_i2 340.59 200.11 233.12025264898 7.86493053584175
TRINITY_DN2083_c0_g1_i2 103.83 61 71.0674882778227 6.1511178062429
TRINITY_DN2084_c1_g3_i1 127.8 75.09 87.4739959732808 6.45078229519065
TRINITY_DN2089_c0_g1_i8 123.04 72.29 84.2159660763104 6.39602186731812
TRINITY_DN20_c0_g1_i2 73.69 43.3 50.4378619974261 5.65643521767713
TRINITY_DN20_c0_g1_i3 285 167.45 195.07111778079 7.60785637818312
TRINITY_DN20_c0_g1_i8 179.19 105.28 122.648398579438 6.93838458651911
TRINITY_DN21074_c0_g1_i6 55.58 32.66 38.0422902675661 5.24953219855685
TRINITY_DN21074_c0_g1_i9 294.43 172.99 201.525576169116 7.65481913657163
TRINITY_DN21081_c2_g4_i1 935.39 549.58 640.237097757802 9.32246246428487
TRINITY_DN21091_c0_g1_i2 259.19 152.29 177.405203570537 7.47090451652367
TRINITY_DN2109_c0_g1_i1 113.29 66.57 77.5424804680202 6.27691498037206
TRINITY_DN21133_c0_g1_i1 94.06 55.27 64.3803134682847 6.00854769621427
TRINITY_DN21133_c0_g1_i10 915.26 537.76 626.458916701917 9.29107609020158
TRINITY_DN21230_c1_g1_i1 369.59 217.15 252.969594458254 7.98282018117491
TRINITY_DN21241_c0_g1_i1 72.97 42.87 49.9450507525062 5.6422698177783
TRINITY_DN212531_c3_g1_i1 169.28 99.46 115.865399361166 6.85630599147032
TRINITY_DN21386_c0_g1_i2 68.44 40.21 46.8444466698853 5.54980612384571
TRINITY_DN213_c2_g3_i1 81.49 47.88 55.7766504840583 5.80158939470479
TRINITY_DN21428_c0_g1_i2 93.33 54.84 63.8806576227409 5.99730725961183
TRINITY_DN2143_c0_g1_i5 300.37 176.48 205.591268939705 7.68363518716228
TRINITY_DN2149_c0_g3_i1 715.16 420.19 489.49845821793 8.93516050552842
TRINITY_DN21557_c0_g1_i1 96.72 56.82 66.2009772342388 6.04878060860542
TRINITY_DN21635_c0_g1_i2 85.3 50.12 58.3844433217594 5.86751210556195
TRINITY_DN21640_c0_g2_i1 155.45 91.33 106.399316698329 6.73334507558472
TRINITY_DN21693_c0_g1_i2 271.65 159.61 185.933575947901 7.53864350591498
TRINITY_DN21722_c0_g1_i15 90.82 53.36 62.1626628661452 5.95797640078063
TRINITY_DN21722_c0_g3_i2 85.54 50.26 58.5487137367327 5.87156557123263
TRINITY_DN217_c1_g1_i1 69.59 40.89 47.6315757416323 5.57384637142964
TRINITY_DN21982_c0_g1_i2 54.37 31.94 37.2140935920757 5.21777719215439
TRINITY_DN22071_c0_g1_i6 296.45 174.18 202.908185495141 7.66468325563346
TRINITY_DN22161_c0_g1_i3 70.42 41.37 48.199677593415 5.59095159121942
TRINITY_DN2222_c0_g2_i2 56.13 32.98 38.4187433018799 5.26373842331823
TRINITY_DN22236_c0_g1_i1 62.02 36.44 42.4502130693496 5.40769988996892
TRINITY_DN22371_c0_g1_i1 902.37 530.18 617.636226497726 9.27061356390899
TRINITY_DN22449_c2_g1_i5 576.16 338.52 394.358509545895 8.62336396354657
TRINITY_DN2258_c0_g1_i9 75.71 44.49 51.8204713234514 5.69545023222925
TRINITY_DN22617_c1_g1_i7 55.49 32.6 37.9806888619511 5.24719416700743
TRINITY_DN22707_c0_g1_i1 174.16 102.33 119.205564465623 6.8973077715445
TRINITY_DN22829_c0_g2_i1 97.64 57.37 66.8306804916364 6.06243865913745
TRINITY_DN2282_c0_g1_i10 174.38 102.45 119.356145679348 6.89912904285423
TRINITY_DN2282_c2_g2_i1 68.71 40.37 47.0292508867302 5.5554864470576
TRINITY_DN2289_c0_g1_i6 53.42 31.39 36.5638565328064 5.1923463399914
TRINITY_DN2289_c0_g1_i7 129.68 76.19 88.7607808905716 6.47185045487383
TRINITY_DN229_c1_g3_i1 233.62 137.26 159.903559775257 7.32105824624741
TRINITY_DN23030_c1_g1_i3 70.99 41.71 48.5898198289765 5.60258217784011
TRINITY_DN230361_c0_g1_i1 60.95 35.81 41.7178408025936 5.38259258486387
TRINITY_DN2303_c0_g6_i1 146.77 86.23 100.458203356795 6.65045156827039
TRINITY_DN2313_c0_g1_i3 133.87 78.66 91.6286685519804 6.51772715070732
TRINITY_DN2313_c0_g3_i2 140.39 82.48 96.091348158755 6.5863346348316
TRINITY_DN2314_c0_g1_i1 60.23 35.39 41.2250295576737 5.36544862293929
TRINITY_DN2336_c0_g5_i1 110.74 65.07 75.7971073089289 6.24407088588669
TRINITY_DN2337_c1_g2_i1 55.37 32.53 37.8985536544644 5.24407088588669
TRINITY_DN23435_c0_g1_i7 288.04 169.24 197.151876370452 7.62316363097097
TRINITY_DN23457_c0_g1_i2 144.7 85.02 99.0413710276504 6.62995938077538
TRINITY_DN23489_c1_g1_i1 109.55 64.36 74.9825998346863 6.22848394323388
TRINITY_DN23617_c0_g1_i1 170.18 99.99 116.481413417315 6.86395595658623
TRINITY_DN23702_c0_g1_i8 198.78 116.79 136.056971201633 7.08806706815846
TRINITY_DN2388_c0_g1_i2 113.06 66.43 77.3850546536708 6.27398306101171
TRINITY_DN2395_c5_g1_i1 945.55 555.55 647.191211991671 9.33804820776803
TRINITY_DN2395_c5_g1_i2 173.2 101.76 118.548482805729 6.88933338897038
TRINITY_DN24152_c0_g1_i2 107.95 63.43 73.8874637348643 6.20725770226616
TRINITY_DN24279_c0_g4_i5 54 31.73 36.9608433689919 5.20792577129449
TRINITY_DN2430_c0_g1_i7 94.77 55.68 64.8662801125807 6.01939680182432
TRINITY_DN2438_c1_g1_i10 130.2 76.5 89.1167001230137 6.47762390740929
TRINITY_DN24407_c0_g1_i1 91.61 53.83 62.7033863154323 5.97047145320271
TRINITY_DN24476_c0_g1_i6 54.56 32.06 37.3441410039296 5.22281000838047
TRINITY_DN2453_c0_g1_i3 102.66 60.32 70.2666700048279 6.13476862456686
TRINITY_DN2453_c2_g1_i12 269.75 158.49 184.633101829362 7.52851741861903
TRINITY_DN2457_c0_g1_i4 134.1 78.79 91.7860943663298 6.52020369614813
TRINITY_DN2457_c0_g1_i9 85.63 50.31 58.6103151423477 5.87308268948519
TRINITY_DN2460_c0_g1_i5 1841.2 1081.79 1260.22786687015 10.2994689014675
TRINITY_DN24685_c0_g1_i4 211.7 124.38 144.900195207696 7.17891572825125
TRINITY_DN24782_c0_g1_i9 143.07 84.06 97.9257011259568 6.61361564747181
TRINITY_DN2480_c0_g1_i3 434.15 255.08 297.158336086071 8.21508804274531
TRINITY_DN2489_c1_g4_i1 55.78 32.77 38.1791822800438 5.2547142983846
TRINITY_DN24963_c2_g1_i5 74.8 43.95 51.1976126666776 5.67800463413129
TRINITY_DN249_c5_g3_i2 72.38 42.52 49.5412193156969 5.63055747172883
TRINITY_DN2502_c9_g1_i1 112.87 66.32 77.2550072418169 6.27155653843933
TRINITY_DN25203_c0_g1_i3 479.95 281.99 328.506606943475 8.35977857617845
TRINITY_DN25210_c3_g2_i1 95.19 55.93 65.153753338784 6.02577638599509
TRINITY_DN2527_c0_g1_i5 80.32 47.19 54.9758322110635 5.78072563330706
TRINITY_DN2531_c0_g1_i10 76.93 45.2 52.6555125995656 5.71851267236313
TRINITY_DN25375_c0_g1_i4 219.22 128.8 150.047334876859 7.22927388395861
TRINITY_DN25380_c1_g1_i5 67.02 39.38 45.8725133812932 5.51955805056076
TRINITY_DN2546_c0_g2_i1 55.62 32.68 38.0696686700616 5.25057010870298
TRINITY_DN2549_c0_g1_i1 102.51 60.23 70.1640009954696 6.13265911250672
TRINITY_DN2549_c3_g2_i1 71.64 42.09 49.0347188695292 5.61573170134225
TRINITY_DN2549_c6_g2_i6 67.7 39.78 46.3379462237176 5.53412219781865
TRINITY_DN2553_c0_g2_i1 109.93 64.59 75.242694658394 6.23347961175337
TRINITY_DN25542_c0_g1_i6 141.63 83.21 96.940078636117 6.59902134768144
TRINITY_DN2555_c0_g2_i1 191.34 112.42 130.964588337461 7.03303296232971
TRINITY_DN2555_c0_g2_i2 80.7 47.41 55.2359270347712 5.78753503752144
TRINITY_DN2558_c0_g1_i5 127.65 75 87.3713269639225 6.44908799665077
TRINITY_DN2558_c1_g1_i1 100.89 59.28 69.0551756943998 6.10967764360403
TRINITY_DN2563_c0_g1_i10 56.56 33.23 38.713061128707 5.27474848416569
TRINITY_DN2572_c6_g1_i1 152.56 89.63 104.421227118026 6.70627120766905
TRINITY_DN257912_c0_g1_i1 60.8 35.72 41.6151717932353 5.37903768768724
TRINITY_DN257925_c1_g1_i1 1424.81 837.14 975.225541492098 9.9295921009066
TRINITY_DN258245_c0_g1_i1 60.68 35.65 41.5330365857486 5.37618744960333
TRINITY_DN258252_c0_g1_i1 173.7 102.06 118.890712836924 6.89349221295405
TRINITY_DN258567_c1_g1_i1 877.07 515.32 600.319386919291 9.22958644937819
TRINITY_DN25939_c0_g2_i1 194.24 114.13 132.949522518389 7.05473478561198
TRINITY_DN25959_c0_g1_i1 101.78 59.8 69.6643451499258 6.12234855533349
TRINITY_DN26061_c0_g2_i1 137.19 80.6 93.901075959111 6.55306978388441
TRINITY_DN2621_c0_g1_i1 642.6 377.55 439.834036091003 8.78081543971507
TRINITY_DN2621_c0_g1_i5 98.15 57.67 67.1797551234547 6.06995463170983
TRINITY_DN2621_c0_g1_i9 130.94 76.93 89.6232005691814 6.48580034294481
TRINITY_DN263_c1_g1_i1 111.83 65.7 76.5431687769326 6.25820172262668
TRINITY_DN26438_c0_g1_i3 54.27 31.88 37.1456475858368 5.21512127269869
TRINITY_DN2649_c0_g1_i9 112.55 66.13 77.0359800218525 6.26746051569781
TRINITY_DN2649_c2_g1_i1 52.98 31.13 36.2626941053554 5.18041420772592
TRINITY_DN2662_c2_g1_i4 152.17 89.41 104.154287693694 6.70257842144423
TRINITY_DN2674_c0_g1_i1 146.22 85.91 100.081750322481 6.64503511580079
TRINITY_DN2674_c0_g1_i14 62.44 36.68 42.7376862955528 5.4174369013342
TRINITY_DN2685_c0_g1_i1 338.92 199.13 231.977204344791 7.85783923308219
TRINITY_DN268_c1_g1_i2 116.19 68.27 79.5274146489475 6.3133803661058
TRINITY_DN2693_c0_g1_i1 3564.61 2094.37 2439.83318299152 11.2525667954428
TRINITY_DN2693_c0_g1_i6 138.17 81.18 94.571846820252 6.56333886515624
TRINITY_DN2693_c0_g1_i7 81.34 47.79 55.6739814747 5.79893135481843
TRINITY_DN2706_c0_g1_i1 74.48 43.76 50.9785854467132 5.67181943691509
TRINITY_DN271_c0_g1_i2 955.77 561.55 654.186393829284 9.35355794344924
TRINITY_DN27212_c0_g1_i1 467.24 274.52 319.807119550514 8.32105824624741
TRINITY_DN27320_c0_g3_i3 238.52 140.14 163.257414080962 7.35100470078046
TRINITY_DN273_c1_g2_i10 286.53 168.35 196.118341676245 7.61558065752273
TRINITY_DN27527_c0_g2_i1 503.05 295.56 344.317634384655 8.42759626085912
TRINITY_DN2754_c1_g1_i1 155.72 91.49 106.584120915174 6.73584870870358
TRINITY_DN2763_c0_g2_i2 52.76 31 36.1121128916298 5.17441092860784
TRINITY_DN27779_c1_g1_i3 58.98 34.65 40.3694544796878 5.33519218641803
TRINITY_DN2778_c0_g1_i4 60.04 35.27 41.0949821458198 5.36089034097698
TRINITY_DN277_c0_g5_i1 58.87 34.59 40.294163872825 5.33249899166904
TRINITY_DN2780_c0_g1_i2 174.24 102.38 119.260321270614 6.8979703180732
TRINITY_DN2788_c4_g1_i5 54.36 31.94 37.2072489914518 5.21751182012368
TRINITY_DN2795_c0_g2_i1 106.66 62.67 73.0045102543828 6.18991369203929
TRINITY_DN27973_c0_g1_i1 57.85 33.99 39.5960146091885 5.30728332335115
TRINITY_DN2797_c0_g1_i8 329.89 193.82 225.796529981421 7.81887950486233
TRINITY_DN2807_c0_g1_i9 70.18 41.23 48.0354071784417 5.58602631175846
TRINITY_DN2808_c0_g1_i12 268.21 157.58 183.579033333283 7.52025748690673
TRINITY_DN2808_c0_g1_i7 139.71 82.08 95.6259153163306 6.57932974689778
TRINITY_DN28138_c0_g1_i8 59.68 35.06 40.8485765233599 5.35221389961153
TRINITY_DN28256_c0_g2_i1 57.93 34.04 39.6507714141796 5.3092770290281
TRINITY_DN2829_c0_g1_i9 61.05 35.87 41.7862868088325 5.38495765923106
TRINITY_DN2833_c0_g1_i1 108.85 63.96 74.5034777910142 6.21923586643186
TRINITY_DN2833_c0_g1_i5 108.3 63.63 74.1270247567004 6.21192770185198
TRINITY_DN2833_c0_g1_i6 341.37 200.57 233.654131497644 7.86823073709284
TRINITY_DN28429_c0_g1_i1 112.43 66.06 76.9538448143659 6.26592150404056
TRINITY_DN2868_c0_g1_i14 62.05 36.46 42.4707468712212 5.40839757437401
TRINITY_DN2869_c3_g1_i6 55.99 32.89 38.3229188931455 5.26013554406929
TRINITY_DN287444_c0_g1_i1 711.86 418.25 487.239740012047 8.92848799621308
TRINITY_DN2877_c0_g2_i1 189.16 111.14 129.472465401454 7.0165015058141
TRINITY_DN2888_c0_g1_i8 103.24 60.66 70.6636568410133 6.14289650545026
TRINITY_DN2910_c0_g2_i16 100.37 58.97 68.6992564619577 6.10222257960102
TRINITY_DN29158_c0_g1_i4 711.35 417.95 486.890665380229 8.92745403144
TRINITY_DN29233_c0_g1_i1 170.46 100.15 116.673062234784 6.86632769626699
TRINITY_DN2938_c0_g1_i3 90.21 53 61.7451422280881 5.94825373265145
TRINITY_DN293_c0_g1_i3 198.05 116.36 135.55731535609 7.08275916014828
TRINITY_DN29427_c1_g3_i1 90.61 53.24 62.0189262530436 5.95463664336581
TRINITY_DN29552_c0_g1_i2 167.28 98.28 114.496479236388 6.83915942594587
TRINITY_DN2959_c0_g1_i6 64.19 37.72 43.9354914047331 5.45731492500895
TRINITY_DN29666_c1_g1_i1 63.33 37.21 43.3468557510788 5.43785544342461
TRINITY_DN2973_c0_g2_i1 583.13 342.61 399.129196180745 8.64071200519259
TRINITY_DN29876_c0_g1_i4 79.95 46.97 54.7225819879796 5.77406439772399
TRINITY_DN29981_c0_g2_i2 98.77 58.03 67.6041203621357 6.07903927401116
TRINITY_DN3005_c0_g1_i1 271.43 159.48 185.782994734175 7.53747464340354
TRINITY_DN30237_c0_g6_i2 71.43 41.97 48.8909822564276 5.61149648534778
TRINITY_DN3023_c2_g5_i1 77.85 45.74 53.2852158569633 5.73566340332269
TRINITY_DN30249_c0_g1_i8 65.45 38.45 44.7979110833429 5.4853595561889
TRINITY_DN302_c7_g1_i1 82.91 48.72 56.7485837726503 5.82651248359631
TRINITY_DN30312_c0_g2_i1 705.94 414.77 483.187736442706 8.9164400285482
TRINITY_DN30476_c0_g1_i1 84.02 49.36 57.5083344419018 5.84569914984281
TRINITY_DN3053_c0_g1_i5 57.34 33.69 39.2469399773703 5.29450826859682
TRINITY_DN30570_c0_g1_i3 226.4 133.02 154.96175812481 7.27576841707554
TRINITY_DN3071_c0_g1_i1 61.25 35.99 41.9231788213102 5.38967620813359
TRINITY_DN30811_c0_g1_i1 105.47 61.97 72.1900027801402 6.17372715446314
TRINITY_DN30811_c1_g1_i1 306.03 179.81 209.465312892826 7.71056754558104
TRINITY_DN3097_c0_g2_i3 172.32 101.25 117.946157950827 6.8819846139005
TRINITY_DN3098_c0_g3_i5 70.54 41.44 48.2818128009016 5.59340793978255
TRINITY_DN3099_c0_g1_i11 85.42 50.19 58.466578529246 5.86954026199844
TRINITY_DN30_c10_g1_i2 63.82 37.5 43.6822411816493 5.44897497263561
TRINITY_DN3111_c0_g1_i1 80.52 47.31 55.1127242235412 5.78431353627763
TRINITY_DN3111_c0_g2_i4 66.72 39.2 45.6671753625766 5.51308565280096
TRINITY_DN3112_c1_g1_i3 345.59 203.05 236.542552960924 7.88595593115499
TRINITY_DN3113_c5_g1_i2 244.54 143.68 167.377863656542 7.38696492850728
TRINITY_DN3116_c4_g1_i1 1169.58 687.18 800.530799768621 9.64481310009733
TRINITY_DN31332_c0_g1_i4 100.11 58.82 68.5212968457366 6.09848055125977
TRINITY_DN31451_c0_g1_i3 334.73 196.67 229.109316683382 7.83989231650819
TRINITY_DN3145_c1_g5_i1 82.19 48.29 56.2557725277304 5.81392923690305
TRINITY_DN31460_c0_g1_i2 166.33 97.73 113.846242177119 6.83094286173316
TRINITY_DN3146_c1_g1_i2 58.43 34.33 39.993001445374 5.32167565330133
TRINITY_DN316_c2_g8_i2 119.58 70.26 81.8477342604453 6.35487057491651
TRINITY_DN316_c6_g1_i2 137.3 80.67 93.9763665659738 6.55422608439076
TRINITY_DN31701_c0_g1_i9 67.5 39.66 46.2010542112398 5.52985386618185
TRINITY_DN3178_c0_g1_i2 121.81 71.57 83.3740801995722 6.38152703515657
TRINITY_DN3186_c1_g1_i1 76.65 45.03 52.4638637820968 5.71325215590243
TRINITY_DN31886_c0_g1_i1 57.64 33.87 39.4522779960869 5.30203669953104
TRINITY_DN318_c0_g4_i4 71.62 42.08 49.0210296682814 5.61532888267682
TRINITY_DN3191_c1_g3_i2 58.55 34.4 40.0751366528606 5.32463553474487
TRINITY_DN31_c0_g1_i2 847.6 498 580.148348880695 9.18027804661583
TRINITY_DN321_c0_g2_i2 72.22 42.43 49.4317057057147 5.62736478430493
TRINITY_DN32227_c0_g1_i1 578.59 339.95 396.0217474975 8.62943584771926
TRINITY_DN32227_c1_g1_i1 585.86 344.22 400.997772151066 8.6474504112042
TRINITY_DN3222_c0_g1_i1 108.31 63.63 74.1338693573242 6.21206090854068
TRINITY_DN3237_c0_g1_i2 192.71 113.22 131.902298622934 7.04332589600946
TRINITY_DN3241_c0_g2_i1 59.75 35.11 40.8964887277271 5.35390507711177
TRINITY_DN3241_c0_g3_i1 725.4 426.21 496.507329256791 8.95567120421394
TRINITY_DN32504_c0_g1_i3 188.35 110.66 128.918052750919 7.01031049219105
TRINITY_DN32571_c0_g2_i5 93.21 54.77 63.7985224152543 5.99545110619929
TRINITY_DN32605_c0_g1_i7 78.13 45.91 53.4768646744321 5.74084297820857
TRINITY_DN32609_c0_g1_i3 78.62 46.19 53.8122501050026 5.74986272778039
TRINITY_DN3286_c0_g1_i1 57.92 34.03 39.6439268135557 5.3090279664395
TRINITY_DN32926_c0_g2_i1 91.09 53.52 62.3474670829902 5.96225904546298
TRINITY_DN3292_c0_g1_i2 52.73 30.98 36.0915790897582 5.17359036073613
TRINITY_DN330_c0_g1_i12 108.14 63.54 74.0175111467182 6.20979472043829
TRINITY_DN33295_c1_g1_i1 86.91 51.07 59.4864240222052 5.89448854934785
TRINITY_DN3338_c0_g1_i2 163.3 95.95 111.772328188081 6.80441924980535
TRINITY_DN3352_c2_g1_i4 79.01 46.42 54.0791895293342 5.75700162537632
TRINITY_DN33642_c0_g1_i2 116.79 68.62 79.9380906863808 6.32081120942473
TRINITY_DN3368_c0_g1_i5 125.12 73.51 85.6396430060789 6.42020687666365
TRINITY_DN33924_c0_g2_i2 147.41 86.61 100.896257796724 6.65672885620881
TRINITY_DN3398_c0_g1_i3 97.45 57.26 66.7006330797825 6.05962854950155
TRINITY_DN33_c0_g1_i11 98.35 57.79 67.3166471359324 6.07289141652219
TRINITY_DN33_c0_g1_i14 170.88 100.4 116.960535460988 6.86987801104385
TRINITY_DN34036_c2_g1_i4 55.67 32.71 38.1038916731811 5.25186644722213
TRINITY_DN3410_c0_g1_i1 58.81 34.55 40.2530962690817 5.33102785451822
TRINITY_DN3411_c0_g3_i5 65.19 38.3 44.6199514671219 5.47961703925873
TRINITY_DN34448_c0_g1_i1 137.96 81.06 94.4281102071503 6.56114449281715
TRINITY_DN3452_c1_g1_i3 96.6 56.76 66.1188420267521 6.04698955307943
TRINITY_DN3484_c1_g2_i2 52.91 31.08 36.2147819009881 5.17850678176363
TRINITY_DN35002_c0_g1_i1 81.53 47.9 55.8040288865538 5.80229737903547
TRINITY_DN351_c0_g1_i7 70713.24 41547.14 48400.3886621098 15.5627310121453
TRINITY_DN3547_c0_g1_i2 112.28 65.97 76.8511758050075 6.26399542786882
TRINITY_DN354_c11_g1_i1 64.62 37.97 44.2298092315603 5.46694711462166
TRINITY_DN355_c0_g1_i8 223.88 131.54 153.236918767591 7.25962011175195
TRINITY_DN355_c0_g1_i9 79.22 46.55 54.2229261424359 5.76083106526091
TRINITY_DN3563_c0_g1_i1 67.99 39.95 46.5364396418103 5.54028893374433
TRINITY_DN3580_c0_g2_i1 161.73 95.02 110.697725890131 6.79048177430855
TRINITY_DN3588_c12_g1_i1 53.67 31.53 36.7349715484036 5.19908225212936
TRINITY_DN3594_c0_g1_i3 71.24 41.86 48.7609348445737 5.60765388045791
TRINITY_DN35_c0_g2_i1 70.15 41.22 48.01487337657 5.58540946786356
TRINITY_DN3607_c1_g1_i1 455.91 267.87 312.05218704365 8.2856435127502
TRINITY_DN3607_c1_g1_i2 144.99 85.19 99.2398644457432 6.63284785950517
TRINITY_DN36186_c0_g1_i6 172.89 101.58 118.336300186389 6.88674888446413
TRINITY_DN3618_c0_g1_i3 92.17 54.15 63.08668395037 5.9792636147369
TRINITY_DN361_c0_g1_i12 348.07 204.51 238.240013915648 7.89627193307549
TRINITY_DN361_c0_g1_i7 111.03 65.23 75.9956007270216 6.24784400037767
TRINITY_DN361_c1_g2_i1 1946.19 1143.47 1332.08932882034 10.3794751162641
TRINITY_DN3625_c1_g1_i9 132.74 77.99 90.8552286814811 6.50549763824911
TRINITY_DN36408_c1_g1_i1 65.72 38.62 44.9827153001879 5.49129884430637
TRINITY_DN36485_c0_g1_i1 203.1 119.33 139.013838671153 7.11908469853981
TRINITY_DN36599_c0_g1_i2 457.06 268.54 312.839316115397 8.28927802467172
TRINITY_DN36599_c0_g1_i4 254.68 149.64 174.318288689164 7.44558012824013
TRINITY_DN369_c0_g1_i2 155.14 91.15 106.187134078989 6.73046516566368
TRINITY_DN3714_c0_g1_i2 57.75 33.93 39.5275686029496 5.30478731054708
TRINITY_DN37173_c0_g3_i1 76.27 44.81 52.2037689583891 5.70608206377617
TRINITY_DN371_c0_g1_i2 72.6 42.65 49.6918005294224 5.63493591223941
TRINITY_DN3735_c1_g1_i1 2882.69 1693.71 1973.08617724739 10.9462382537861
TRINITY_DN37372_c0_g1_i1 222.67 130.83 152.4087220921 7.25180165795341
TRINITY_DN37516_c0_g1_i4 66.47 39.06 45.4960603469794 5.50766971791399
TRINITY_DN375_c0_g1_i1 90.46 53.15 61.9162572436853 5.9522463599877
TRINITY_DN377_c1_g1_i2 53.44 31.4 36.5775457340542 5.19288637183035
TRINITY_DN38188_c0_g1_i1 77.08 45.29 52.7581816089239 5.72132293565201
TRINITY_DN38188_c0_g1_i3 171.3 100.64 117.248008687191 6.87341961032765
TRINITY_DN38372_c0_g1_i8 360.77 211.97 246.932656707985 7.94797383449821
TRINITY_DN3837_c1_g1_i1 89.15 52.38 61.019614561956 5.93120116186865
TRINITY_DN38428_c0_g1_i5 52.82 31.03 36.1531804953732 5.17605066552339
TRINITY_DN38428_c0_g1_i9 131.74 77.4 90.1707686190924 6.49458791414243
TRINITY_DN3846_c0_g2_i1 6899.89 4053.99 4722.69913987543 12.2053959160144
TRINITY_DN3846_c0_g4_i1 3784.21 2223.39 2590.14061269209 11.3388147052484
TRINITY_DN3866_c0_g1_i11 95.43 56.07 65.3180237537573 6.02940923661696
TRINITY_DN3866_c0_g1_i3 305.58 179.54 209.157305864751 7.70844458197498
TRINITY_DN3866_c0_g1_i4 70.57 41.46 48.3023466027733 5.59402137400944
TRINITY_DN3866_c0_g1_i5 253.87 149.16 173.763876038629 7.44098437965567
TRINITY_DN3866_c0_g1_i6 264.33 155.31 180.923328291215 7.49923463112346
TRINITY_DN3866_c0_g1_i8 344.96 202.68 236.111343121619 7.8833235421088
TRINITY_DN3866_c0_g1_i9 133.28 78.31 91.224837115171 6.51135476472184
TRINITY_DN38696_c0_g1_i2 91.79 53.93 62.8265891266623 5.97330335277459
TRINITY_DN3881_c0_g1_i2 111.79 65.68 76.5157903744371 6.25768559882513
TRINITY_DN388_c1_g1_i1 119.28 70.08 81.6423962417287 6.35124662163974
TRINITY_DN388_c1_g1_i6 102.93 60.48 70.4514742216728 6.1385579906351
TRINITY_DN3890_c0_g3_i1 55.72 32.74 38.1381146763005 5.25316162195755
TRINITY_DN38947_c0_g1_i5 176.75 103.85 120.97831602721 6.91860467394042
TRINITY_DN38961_c0_g1_i3 55.14 32.39 37.741127840115 5.23806563136648
TRINITY_DN3899_c1_g1_i4 612.11 359.64 418.964848788771 8.71068539645483
TRINITY_DN3919_c1_g1_i1 128.44 75.46 87.9120504132096 6.45798902908206
TRINITY_DN39206_c0_g1_i1 71.28 41.88 48.7883132470693 5.60846370087822
TRINITY_DN3923_c0_g1_i13 207.57 121.95 142.07337515003 7.15049240559404
TRINITY_DN3929_c2_g1_i1 163.07 95.81 111.614902373732 6.80238585265282
TRINITY_DN392_c3_g1_i1 239.2 140.54 163.722846923386 7.35511184844176
TRINITY_DN3936_c0_g2_i10 123.28 72.43 84.3802364912837 6.39883322587108
TRINITY_DN3947_c0_g1_i4 191.88 112.74 131.334196771151 7.03709880355778
TRINITY_DN39723_c0_g1_i4 74.76 43.92 51.1702342641821 5.67723293310145
TRINITY_DN3976_c0_g3_i2 89.61 52.65 61.3344661906548 5.93862610238824
TRINITY_DN39961_c0_g1_i2 5643.54 3315.83 3862.77774049334 11.9154229537119
TRINITY_DN39_c7_g1_i3 88.9 52.23 60.8484995463588 5.92714978307343
TRINITY_DN39_c9_g1_i2 55.83 32.8 38.2134052831633 5.2560069201366
TRINITY_DN40080_c0_g1_i2 216.34 127.11 148.07608989718 7.2101948947391
TRINITY_DN40080_c0_g1_i3 1563.02 918.34 1069.82476671485 10.0631587926017
TRINITY_DN400_c0_g4_i2 59.32 34.85 40.6021709009 5.34348496181092
TRINITY_DN4017_c0_g1_i2 61.51 36.14 42.1011384375313 5.3957873399599
TRINITY_DN40298_c0_g1_i1 77.88 45.76 53.3057496588349 5.73621924807659
TRINITY_DN4046_c1_g1_i1 107.36 63.08 73.4836322980549 6.19935103555648
TRINITY_DN405_c3_g1_i3 62.42 36.67 42.723997094305 5.4169747212755
TRINITY_DN4071_c0_g1_i8 237.24 139.39 162.381305201104 7.34324173580666
TRINITY_DN4076_c6_g1_i5 1219.88 716.73 834.959140906774 9.70556179017165
TRINITY_DN4076_c6_g2_i1 1395.7 820.04 955.300909075962 9.8998114272718
TRINITY_DN4089_c0_g1_i1 173.04 101.67 118.438969195747 6.88800002931827
TRINITY_DN412_c1_g1_i4 56.38 33.12 38.5898583174771 5.27014984192671
TRINITY_DN4138_c1_g1_i1 80.73 47.43 55.2564608366429 5.78807125571787
TRINITY_DN4153_c16_g1_i1 203.71 119.69 139.43135930921 7.12341126196997
TRINITY_DN4153_c1_g1_i1 428.42 251.71 293.236379928583 8.19592029013143
TRINITY_DN4155_c0_g1_i2 508.09 298.52 347.767313099094 8.44197852884263
TRINITY_DN4157_c0_g2_i12 86.09 50.58 58.9251667710465 5.88081203150954
TRINITY_DN4157_c0_g2_i13 233 136.9 159.479194536576 7.3172244137853
TRINITY_DN41644_c0_g1_i2 74.31 43.66 50.8622272361071 5.66852273332381
TRINITY_DN4196_c0_g1_i5 73.54 43.21 50.3351929880678 5.65349554055959
TRINITY_DN42081_c0_g1_i2 496.52 291.72 339.848110177256 8.4087462900928
TRINITY_DN4220_c0_g1_i1 3465.86 2036.34 2372.24275183063 11.2120359332234
TRINITY_DN4220_c0_g1_i13 446.22 262.17 305.419769039103 8.25464963688533
TRINITY_DN4220_c0_g1_i2 194.99 114.56 133.46286756518 7.06029459662246
TRINITY_DN4220_c0_g1_i4 961.29 564.8 657.96461337367 9.3618661848551
TRINITY_DN4220_c0_g1_i5 865.34 508.43 592.290670387471 9.21016155111997
TRINITY_DN4256_c0_g1_i1 142.49 83.72 97.5287142897713 6.60775513287336
TRINITY_DN42729_c0_g1_i4 88.48 51.99 60.5610263201556 5.920317749591
TRINITY_DN42778_c0_g1_i1 203.66 119.66 139.39713630609 7.12305711339542
TRINITY_DN42778_c0_g1_i2 71.74 42.15 49.1031648757681 5.61774410931382
TRINITY_DN4289_c0_g1_i18 85.47 50.22 58.5008015323655 5.8703844864013
TRINITY_DN43014_c0_g2_i5 71.62 42.08 49.0210296682814 5.61532888267682
TRINITY_DN4325_c1_g2_i1 61.66 36.23 42.2038074468896 5.39930125346347
TRINITY_DN432_c2_g2_i10 80.07 47.05 54.8047171954663 5.77622817021942
TRINITY_DN4340_c7_g1_i2 115.01 67.57 78.7197517753288 6.29865376636397
TRINITY_DN43978_c0_g1_i1 102.6 60.28 70.2256024010845 6.13392518985071
TRINITY_DN43_c2_g1_i3 59.85 35.16 40.964934733966 5.35631761118716
TRINITY_DN440_c1_g1_i3 355.9 209.1 243.599336204152 7.92836639175344
TRINITY_DN4410_c0_g1_i2 427.78 251.34 292.798325488654 8.19376349265856
TRINITY_DN4414_c0_g1_i5 1346.65 791.22 921.728143015795 9.84819749080188
TRINITY_DN4420_c2_g1_i1 83.05 48.8 56.8444081813847 5.82894653220603
TRINITY_DN4423_c0_g3_i3 86.92 51.07 59.4932686228291 5.89465453853758
TRINITY_DN4426_c0_g1_i4 86.71 50.95 59.3495320097275 5.89116474868197
TRINITY_DN4440_c0_g1_i2 55.28 32.48 37.8369522488495 5.24172397974455
TRINITY_DN444_c0_g1_i3 157.79 92.71 108.000953244319 6.75490023581886
TRINITY_DN446_c1_g1_i1 97.02 57.01 66.4063152529554 6.05324854355111
TRINITY_DN446_c1_g1_i2 65.23 38.32 44.6473298696174 5.48050199253959
TRINITY_DN44760_c0_g1_i1 53.31 31.32 36.4885659259436 5.18937254610613
TRINITY_DN4480_c1_g1_i1 66.65 39.16 45.6192631582094 5.51157123933263
TRINITY_DN4487_c0_g1_i9 65.43 38.45 44.7842218820952 5.4849186347182
TRINITY_DN4491_c1_g1_i2 142.51 83.73 97.5424034910191 6.6079576163882
TRINITY_DN4496_c1_g2_i2 780.4 458.52 534.152632688171 9.06110823685268
TRINITY_DN4496_c1_g2_i3 93.28 54.81 63.8464346196215 5.99653415255679
TRINITY_DN4498_c0_g1_i3 282.5 165.98 193.359967624819 7.59514532643357
TRINITY_DN4506_c1_g1_i1 68.01 39.96 46.5501288430581 5.54071325581824
TRINITY_DN4508_c1_g1_i2 255.64 150.2 174.975370349057 7.45100805139812
TRINITY_DN451_c1_g1_i1 138.57 81.41 94.8456308452075 6.56750941092649
TRINITY_DN451_c2_g2_i1 539.91 317.22 369.546832284304 8.52961339696871
TRINITY_DN45214_c0_g1_i1 59.86 35.17 40.9717793345899 5.35655864285439
TRINITY_DN45263_c0_g2_i2 101.09 59.39 69.1920677068776 6.11253474928263
TRINITY_DN452_c0_g1_i1 716.96 421.25 490.73048633023 8.9387870905088
TRINITY_DN452_c0_g1_i6 305.88 179.72 209.362643883467 7.70986023809965
TRINITY_DN45357_c0_g1_i1 21918.6 12878.14 15002.4063234738 13.8729063011048
TRINITY_DN45396_c0_g1_i8 77.36 45.45 52.9498304263928 5.72655415883313
TRINITY_DN45633_c0_g3_i1 68.4 40.19 46.8170682673897 5.54896268912955
TRINITY_DN4578_c0_g1_i10 87.41 51.36 59.8286540533996 5.9027647023842
TRINITY_DN45967_c0_g1_i3 221.35 130.05 151.505234809747 7.24322383234152
TRINITY_DN4597_c0_g1_i4 150.14 88.21 102.764833767045 6.68320284701527
TRINITY_DN4604_c0_g3_i4 53.57 31.47 36.6665255421647 5.19639166007593
TRINITY_DN4634_c2_g1_i1 107.9 63.4 73.8532407317449 6.20658932373167
TRINITY_DN4638_c0_g1_i8 55.56 32.65 38.0286010663183 5.24901296333769
TRINITY_DN463_c1_g1_i3 736.83 432.92 504.330707769894 8.9782262607939
TRINITY_DN46569_c0_g3_i1 215.31 126.5 147.371096032919 7.20330978544933
TRINITY_DN4657_c0_g1_i1 66.99 39.36 45.8519795794216 5.51891211589992
TRINITY_DN4658_c1_g4_i1 88.62 52.07 60.65685072889 5.92259869084224
TRINITY_DN4665_c0_g2_i7 76.05 44.68 52.0531877446635 5.70191461196815
TRINITY_DN467_c0_g1_i7 896.72 526.86 613.769027145229 9.2615520341594
TRINITY_DN467_c1_g1_i2 294.55 173.06 201.607711376603 7.65540701190628
TRINITY_DN467_c1_g2_i2 65.49 38.48 44.8252894858385 5.48624099506824
TRINITY_DN4694_c0_g1_i19 62.4 36.66 42.7103078930573 5.4165123931059
TRINITY_DN46_c0_g1_i1 76.36 44.86 52.2653703640041 5.70778346676023
TRINITY_DN4717_c0_g1_i2 79.4 46.65 54.3461289536658 5.76410537138661
TRINITY_DN4724_c0_g2_i3 297.06 174.54 203.325706133199 7.66764881403961
TRINITY_DN47317_c0_g1_i1 246.06 144.57 168.418242951373 7.39590460840467
TRINITY_DN4757_c0_g1_i4 92.78 54.51 63.5042045884271 5.98878021020613
TRINITY_DN4760_c0_g1_i11 66.05 38.81 45.2085871207762 5.49852492549048
TRINITY_DN4790_c0_g2_i1 87.36 51.32 59.7944310502802 5.90193922027615
TRINITY_DN4801_c0_g1_i1 187.54 110.19 128.363640100384 7.00409279663166
TRINITY_DN4808_c0_g1_i2 82.14 48.26 56.221549524611 5.81305131133535
TRINITY_DN480_c0_g1_i1 63.79 37.48 43.6617073797776 5.44829664253571
TRINITY_DN4815_c1_g1_i4 77.5 45.54 53.0456548351272 5.72916267440526
TRINITY_DN4819_c0_g3_i2 57.72 33.91 39.507034801078 5.30403766384749
TRINITY_DN4819_c1_g1_i5 58.23 34.21 39.8561094328962 5.31672898279111
TRINITY_DN4836_c2_g1_i2 426.61 250.65 291.99750721566 8.18981224263701
TRINITY_DN4841_c0_g1_i4 108.34 63.65 74.1544031591959 6.21246045482735
TRINITY_DN4847_c0_g1_i8 155.73 91.5 106.590965515798 6.73594135246928
TRINITY_DN487_c8_g1_i4 101.47 59.62 69.4521625305853 6.11794771095982
TRINITY_DN4895_c0_g1_i3 789.01 463.58 540.045833825338 9.07693804413685
TRINITY_DN4896_c0_g1_i1 11498.33 6755.77 7870.1476691663 12.9421749902265
TRINITY_DN489_c0_g1_i1 862.59 506.81 590.408405215902 9.20556944992131
TRINITY_DN489_c17_g1_i1 66.24 38.92 45.33863453263 5.50266903685562
TRINITY_DN491_c3_g1_i6 58.54 34.4 40.0682920522367 5.32438910976504
TRINITY_DN492_c20_g1_i2 138.15 81.17 94.5581576190042 6.56313002105615
TRINITY_DN49382_c0_g2_i1 68.07 39.99 46.5911964468014 5.54198547374979
TRINITY_DN49977_c0_g1_i1 55.44 32.57 37.9464658588317 5.24589362149351
TRINITY_DN5000_c1_g1_i4 282.49 165.98 193.353123024195 7.59509425667867
TRINITY_DN5000_c1_g1_i6 396.87 233.18 271.641664960219 8.08556096987786
TRINITY_DN5002_c0_g1_i5 53.21 31.26 36.4201199197048 5.18666376753925
TRINITY_DN5011_c0_g2_i3 86.13 50.61 58.952545173542 5.88148219528463
TRINITY_DN5024_c0_g1_i1 1325.73 778.92 907.409238510622 9.82560953789804
TRINITY_DN502_c1_g1_i12 142.05 83.46 97.2275518623203 6.6032932904332
TRINITY_DN50322_c0_g2_i2 55.51 32.62 37.9943780631989 5.24771405711788
TRINITY_DN5034_c0_g1_i1 72.2 42.42 49.4180165044669 5.62696520113083
TRINITY_DN5034_c0_g1_i8 515.05 302.62 352.53115513332 8.46160695188235
TRINITY_DN5041_c0_g1_i4 57.17 33.59 39.1305817667642 5.29022465429005
TRINITY_DN5047_c0_g2_i3 90.92 53.42 62.2311088723841 5.95956404817414
TRINITY_DN50603_c0_g1_i2 53.6 31.49 36.6870593440364 5.19719936470143
TRINITY_DN506_c27_g2_i1 986.63 579.69 675.308831354601 9.39940361426289
TRINITY_DN5076_c0_g1_i1 77.94 45.8 53.3468172625783 5.73733029552533
TRINITY_DN5091_c0_g1_i5 72.16 42.39 49.3906381019714 5.62616570261167
TRINITY_DN50989_c1_g1_i1 3909.01 2296.71 2675.5612284782 11.3856258291166
TRINITY_DN5107_c2_g1_i1 80.92 47.55 55.3865082484967 5.79146268391458
TRINITY_DN5112_c0_g1_i1 93.57 54.98 64.0449280377142 6.0010124174516
TRINITY_DN5112_c0_g1_i6 83.78 49.23 57.3440640269285 5.84157224822282
TRINITY_DN5112_c0_g1_i7 243.22 142.9 166.474376374189 7.37915632549339
TRINITY_DN5112_c0_g1_i8 239.59 140.77 163.989786347718 7.3574621531281
TRINITY_DN5112_c0_g1_i9 61.26 36 41.9300234219341 5.38991173095525
TRINITY_DN5114_c0_g3_i1 120.69 70.91 82.6074849296968 6.36820060270308
TRINITY_DN51200_c0_g1_i3 227.12 133.44 155.45456936973 7.28034921308068
TRINITY_DN5131_c0_g1_i3 72.47 42.58 49.6028207213119 5.63235025834103
TRINITY_DN51458_c1_g1_i2 100.24 58.9 68.6102766538471 6.10035277867815
TRINITY_DN5154_c0_g1_i2 297.01 174.5 203.291483130079 7.66740596470463
TRINITY_DN516_c0_g1_i1 400.5 235.31 274.12625498669 8.09869670153973
TRINITY_DN516_c1_g2_i1 129.36 76.01 88.5417536706072 6.46828604282995
TRINITY_DN5178_c0_g1_i1 316.53 185.98 216.652143547907 7.75923670042391
TRINITY_DN51819_c0_g1_i3 54.95 32.29 37.6110804282612 5.23308584519289
TRINITY_DN5188_c0_g1_i2 171.11 100.54 117.117961275337 6.87181853509094
TRINITY_DN5232_c0_g1_i6 74.47 43.76 50.9717408460893 5.67162572156859
TRINITY_DN524_c0_g1_i1 57.19 33.6 39.1442709680119 5.29072926955958
TRINITY_DN52803_c0_g1_i4 175.33 103.01 120.006382738618 6.90696732977907
TRINITY_DN5310_c1_g2_i3 58.25 34.23 39.869798634144 5.3172244137853
TRINITY_DN5340_c0_g1_i3 82.07 48.22 56.1736373202437 5.81182131731575
TRINITY_DN5369_c0_g1_i3 361.14 212.19 247.185906931069 7.94945268147878
TRINITY_DN538_c1_g2_i2 375.08 220.38 256.727280200768 8.00409279663166
TRINITY_DN54026_c0_g1_i2 60.03 35.27 41.088137545196 5.36065003198319
TRINITY_DN542_c0_g2_i5 70.17 41.23 48.0285625778178 5.58582072642988
TRINITY_DN5454_c0_g2_i2 56.87 33.42 38.9252437480475 5.28263416830853
TRINITY_DN54653_c0_g1_i2 105.93 62.24 72.5048544088391 6.18000568583705
TRINITY_DN54703_c0_g1_i2 91.04 53.49 62.3132440798707 5.96146692166288
TRINITY_DN55039_c0_g1_i1 5069.26 2978.42 3469.70601586474 11.7605977147793
TRINITY_DN55039_c0_g1_i2 233.97 137.47 160.143120797093 7.32321801595426
TRINITY_DN55377_c8_g1_i2 362.35 212.9 248.014103606559 7.9542783532284
TRINITY_DN55458_c0_g1_i1 106.91 62.82 73.17562526998 6.1932912630929
TRINITY_DN55640_c0_g1_i1 41879.67 24606.15 28664.9615410198 14.8070007229635
TRINITY_DN55640_c0_g1_i2 1809.04 1062.89 1238.21563126372 10.2740468617874
TRINITY_DN5582_c0_g2_i1 81.46 47.86 55.7561166821866 5.80105817835971
TRINITY_DN5604_c0_g4_i1 110.66 65.02 75.7423505039378 6.24302828779912
TRINITY_DN5617_c0_g1_i2 70.99 41.71 48.5898198289765 5.60258217784011
TRINITY_DN5624_c0_g1_i4 78.45 46.09 53.6958918943965 5.74673981121175
TRINITY_DN5676_c0_g1_i1 63.26 37.17 43.2989435467116 5.43625991987369
TRINITY_DN5690_c0_g1_i2 982.21 577.09 672.283517878843 9.39292596976819
TRINITY_DN5700_c1_g1_i1 890.96 523.48 609.82653718587 9.25225512174494
TRINITY_DN5752_c3_g1_i1 118.78 69.79 81.3001662105343 6.34518639664484
TRINITY_DN5774_c0_g2_i4 62.59 36.77 42.8403553049111 5.42089854030017
TRINITY_DN578_c0_g1_i1 136.66 80.3 93.538312126045 6.54748549083093
TRINITY_DN5838_c0_g1_i1 512.51 301.12 350.792626574852 8.45447461339633
TRINITY_DN5856_c0_g1_i1 191.76 112.67 131.252061563664 7.03619627300543
TRINITY_DN5856_c0_g1_i4 79.87 46.92 54.6678251829885 5.77262007770258
TRINITY_DN5858_c0_g1_i2 139.58 82.01 95.5369355082201 6.57798669581209
TRINITY_DN5883_c0_g1_i2 374.6 220.09 256.398739370821 8.0022453584867
TRINITY_DN58872_c0_g1_i1 220.12 129.33 150.663348933009 7.23518469268565
TRINITY_DN58872_c0_g1_i4 129.68 76.19 88.7607808905716 6.47185045487383
TRINITY_DN59094_c0_g1_i4 125.17 73.54 85.6738660091984 6.42078328605279
TRINITY_DN5912_c5_g1_i1 61.51 36.14 42.1011384375313 5.3957873399599
TRINITY_DN5913_c0_g1_i5 84.11 49.42 57.5699358475168 5.84724369948989
TRINITY_DN5916_c0_g2_i1 67.33 39.56 46.0846960006337 5.52621582884718
TRINITY_DN5923_c0_g1_i3 53.16 31.24 36.3858969165853 5.18530746863247
TRINITY_DN592_c0_g2_i7 90.88 53.39 62.2037304698885 5.95892919886098
TRINITY_DN59343_c0_g1_i4 261.39 153.58 178.911015707792 7.48309840789536
TRINITY_DN5942_c2_g1_i2 94.48 55.51 64.667786694488 6.01497532875345
TRINITY_DN59567_c0_g1_i2 145.54 85.51 99.616317480057 6.63831017472484
TRINITY_DN5960_c0_g1_i3 160.98 94.58 110.184380843339 6.78377591933797
TRINITY_DN5964_c0_g1_i2 101.02 59.35 69.1441555025103 6.1115354057875
TRINITY_DN59709_c0_g1_i4 12224.94 7182.69 8367.48319509858 13.0305780331287
TRINITY_DN59709_c0_g1_i5 537.2 315.63 367.69194551523 8.5223537636711
TRINITY_DN5970_c1_g1_i6 95.19 55.93 65.153753338784 6.02577638599509
TRINITY_DN59796_c1_g1_i2 53.11 31.2 36.3516739134659 5.18394989344912
TRINITY_DN597_c0_g1_i4 59.93 35.21 41.0196915389571 5.35824473792672
TRINITY_DN597_c0_g1_i8 285.94 168 195.714510239436 7.61260691086178
TRINITY_DN598_c0_g1_i1 66.75 39.22 45.6877091644483 5.51373420081857
TRINITY_DN598_c0_g1_i10 143.2 84.14 98.0146809340673 6.61492595150791
TRINITY_DN59932_c2_g1_i1 1008.67 592.64 690.394331129649 9.43127680828244
TRINITY_DN60571_c0_g1_i1 61.11 35.91 41.8273544125758 5.38637484504334
TRINITY_DN606_c1_g1_i1 107.12 62.94 73.3193618830817 6.1961223246806
TRINITY_DN6093_c0_g1_i1 53.03 31.16 36.2969171084748 5.18177511249704
TRINITY_DN6115_c0_g1_i1 88.05 51.73 60.2667084933284 5.91328936807486
TRINITY_DN6132_c10_g1_i4 417.83 245.49 285.987947867887 8.1598105398637
TRINITY_DN6141_c0_g1_i1 381.04 223.88 260.806662172605 8.02683691272031
TRINITY_DN617_c1_g1_i12 66.23 38.91 45.3317899320061 5.5024512222495
TRINITY_DN617_c1_g1_i19 53.24 31.28 36.4406537215764 5.18747693526818
TRINITY_DN617_c1_g1_i6 102.89 60.45 70.4240958191773 6.13799723072487
TRINITY_DN618_c7_g1_i1 104.73 61.53 71.6835023339726 6.1635692216302
TRINITY_DN62016_c0_g1_i3 264.73 155.54 181.197112316171 7.50141615354554
TRINITY_DN6206_c0_g2_i5 198.77 116.78 136.05012660101 7.08799448885819
TRINITY_DN6215_c0_g1_i7 114.52 67.29 78.3843663447583 6.29249403435565
TRINITY_DN6250_c0_g5_i1 120.33 70.7 82.3610793072369 6.36389083089196
TRINITY_DN6255_c0_g2_i1 57.59 33.84 39.4180549929674 5.3007846860524
TRINITY_DN6291_c0_g1_i3 73.57 43.22 50.3557267899395 5.65408395537608
TRINITY_DN63104_c2_g1_i1 3841.79 2257.22 2629.55182308443 11.3606012143273
TRINITY_DN6329_c0_g1_i8 55.96 32.88 38.3023850912738 5.25936232652105
TRINITY_DN6354_c0_g2_i2 483.98 284.36 331.264980994902 8.3718418896763
TRINITY_DN6392_c1_g1_i4 52.56 30.88 35.9752208791521 5.16893163967862
TRINITY_DN6393_c0_g1_i1 140.32 82.44 96.0434359543878 6.58561511180103
TRINITY_DN63980_c0_g2_i1 81.8 48.06 55.9888331033988 5.8070672071854
TRINITY_DN6414_c0_g1_i1 92.57 54.39 63.3604679753255 5.98551108597389
TRINITY_DN642_c0_g1_i1 219.31 128.85 150.108936282474 7.22986605578495
TRINITY_DN6470_c0_g1_i1 129.15 75.88 88.3980170575056 6.46594210236166
TRINITY_DN6470_c0_g1_i2 126.18 74.14 86.365170672211 6.43237771480923
TRINITY_DN6480_c1_g1_i1 75.89 44.59 51.9436741346814 5.69887615873838
TRINITY_DN6496_c0_g1_i3 68.53 40.27 46.9060480755002 5.55170205101759
TRINITY_DN6496_c0_g1_i6 259.68 152.57 177.740589001108 7.47362936390426
TRINITY_DN6503_c0_g6_i4 63.59 37.36 43.5248153672999 5.44376627284999
TRINITY_DN6505_c0_g1_i2 901.37 529.59 616.951766435337 9.26901389301552
TRINITY_DN6514_c1_g1_i3 72.74 42.74 49.7876249381568 5.63771528981191
TRINITY_DN652_c0_g1_i2 89.88 52.81 61.5192704074998 5.9429664885362
TRINITY_DN65317_c1_g1_i4 55.1 32.37 37.7137494376195 5.23701868281481
TRINITY_DN65445_c0_g1_i2 145.34 85.39 99.4794254675792 6.63632627034058
TRINITY_DN6547_c0_g3_i2 57.21 33.61 39.1579601692597 5.29123370839021
TRINITY_DN6627_c0_g1_i3 1104.54 648.96 756.013517310857 9.56226821943668
TRINITY_DN66736_c0_g1_i4 65.24 38.33 44.6541744702413 5.48072314606818
TRINITY_DN66868_c0_g1_i5 64.81 38.08 44.3598566434141 5.47118279807477
TRINITY_DN6693_c0_g1_i1 65.45 38.45 44.7979110833429 5.4853595561889
TRINITY_DN66954_c0_g1_i3 58.51 34.38 40.0477582503651 5.32364958217556
TRINITY_DN66954_c0_g1_i5 91.28 53.63 62.477514494844 5.96526515564497
TRINITY_DN66_c0_g1_i2 96.57 56.74 66.0983082248805 6.04654144155513
TRINITY_DN6728_c0_g1_i1 104.57 61.44 71.5739887239904 6.16136347627419
TRINITY_DN6747_c0_g2_i3 90.98 53.45 62.2721764761274 5.96051579864795
TRINITY_DN6748_c2_g1_i2 377.18 221.61 258.164646331784 8.01214763792566
TRINITY_DN6781_c0_g1_i7 62.49 36.71 42.7719092986723 5.4185917041181
TRINITY_DN67856_c1_g2_i1 132.2 77.67 90.4856202477912 6.49961663575135
TRINITY_DN6791_c0_g1_i5 396.97 233.24 271.710110966457 8.08592444237824
TRINITY_DN6796_c0_g7_i3 60.86 35.76 41.6562393969786 5.38046069787089
TRINITY_DN6818_c0_g1_i1 119.93 70.46 82.0872952822814 6.35908704707832
TRINITY_DN68493_c0_g1_i2 272.85 160.31 186.754928022767 7.5450025026163
TRINITY_DN6917_c0_g1_i3 170.15 99.97 116.460879615444 6.86370161020866
TRINITY_DN691_c0_g1_i1 54.13 31.8 37.0498231771024 5.21139475207094
TRINITY_DN69322_c0_g1_i1 176.95 103.97 121.115208039687 6.92023622066889
TRINITY_DN69322_c0_g2_i1 74.3 43.65 50.8553826354833 5.66832857478225
TRINITY_DN6955_c0_g1_i3 159 93.42 108.829149919809 6.76592122441537
TRINITY_DN69704_c1_g1_i1 1288.82 757.24 882.145817607854 9.78487334096771
TRINITY_DN6970_c0_g1_i1 54.9 32.26 37.5768574251417 5.23177251324885
TRINITY_DN6_c3_g2_i1 99.49 58.45 68.0969316070556 6.08951788791155
TRINITY_DN70028_c0_g1_i1 108.03 63.47 73.9422205398554 6.20832646426773
TRINITY_DN7026_c0_g1_i1 223.31 131.2 152.846776532029 7.2559423165479
TRINITY_DN702_c0_g1_i5 133.7 78.56 91.5123103413743 6.51589392433701
TRINITY_DN706_c0_g3_i1 112.44 66.06 76.9606894149897 6.26604981773664
TRINITY_DN707_c0_g1_i3 62.77 36.88 42.9635581161411 5.42504157293937
TRINITY_DN707_c0_g1_i5 58.17 34.18 39.8150418291529 5.31524166818424
TRINITY_DN707_c0_g3_i1 72.03 42.32 49.3016582938608 5.62356426830787
TRINITY_DN7089_c0_g1_i4 58.22 34.21 39.8492648322723 5.31648120347906
TRINITY_DN7089_c0_g2_i4 58.89 34.6 40.3078530740728 5.33298903754362
TRINITY_DN7131_c0_g1_i5 79.38 46.64 54.332439752418 5.76374192635613
TRINITY_DN7165_c2_g3_i2 56.44 33.16 38.6309259212204 5.27168435195356
TRINITY_DN7217_c0_g1_i5 55.73 32.74 38.1449592769244 5.2534205174344
TRINITY_DN7218_c0_g1_i1 73.61 43.25 50.383105192435 5.65486813533336
TRINITY_DN7238_c0_g1_i6 103.8 60.99 71.046954475951 6.15070090260154
TRINITY_DN72510_c0_g1_i1 158.7 93.24 108.623811901093 6.76319658707884
TRINITY_DN7274_c0_g1_i1 158.05 92.86 108.17891286054 6.75727549414815
TRINITY_DN729_c0_g6_i3 65.59 38.54 44.8937354920773 5.48844223907308
TRINITY_DN729_c0_g6_i5 55.92 32.86 38.2750066887782 5.25833072473173
TRINITY_DN7301_c0_g1_i2 105.94 62.24 72.5116990094629 6.18014187265368
TRINITY_DN73424_c0_g1_i2 90.53 53.19 61.9641694480525 5.95336231841522
TRINITY_DN73437_c1_g1_i1 56.44 33.16 38.6309259212204 5.27168435195356
TRINITY_DN7343_c0_g1_i11 53.23 31.28 36.4338091209525 5.18720593028178
TRINITY_DN7352_c2_g1_i1 75.84 44.56 51.9094511315619 5.69792532825455
TRINITY_DN7360_c0_g1_i13 185.81 109.17 127.179524192451 6.99072260627854
TRINITY_DN7363_c0_g1_i5 141.15 82.93 96.6115378061704 6.59412358769335
TRINITY_DN7371_c0_g1_i1 106.4 62.51 72.8265506381618 6.18639260974485
TRINITY_DN74042_c0_g1_i1 1985.01 1166.28 1358.66006844227 10.4079688291281
TRINITY_DN7421_c0_g1_i10 55.13 32.39 37.7342832394911 5.23780396544741
TRINITY_DN7421_c0_g1_i11 238.56 140.16 163.284792483457 7.35124662163974
TRINITY_DN743_c1_g1_i6 138.09 81.13 94.5170900152609 6.56250330730134
TRINITY_DN751_c0_g1_i2 247.78 145.58 169.595514258682 7.40595420140733
TRINITY_DN75489_c0_g3_i1 168.96 99.27 115.646372141201 6.85357619871475
TRINITY_DN75505_c0_g1_i2 76.87 45.16 52.6144449958223 5.71738703248218
TRINITY_DN755_c0_g2_i6 65.62 38.56 44.914269293949 5.48910195787471
TRINITY_DN7596_c0_g2_i2 382.46 224.71 261.778595461197 8.03220332875222
TRINITY_DN760_c0_g1_i4 115.13 67.64 78.8018869828154 6.30015827162682
TRINITY_DN760_c1_g2_i3 213.82 125.63 146.35125053996 7.1932912630929
TRINITY_DN7610_c0_g1_i7 866.67 509.21 593.201002270448 9.21237722514209
TRINITY_DN761_c0_g2_i1 87.06 51.15 59.5890930315636 5.89697638414419
TRINITY_DN769_c0_g3_i1 74.71 43.89 51.1360112610626 5.67626772597313
TRINITY_DN7713_c0_g3_i1 73.78 43.35 50.4994634030411 5.65819615305111
TRINITY_DN771_c0_g2_i1 162.21 95.3 111.026266720077 6.79475722115945
TRINITY_DN771_c0_g3_i1 66.64 39.15 45.6124185575855 5.51135476472184
TRINITY_DN7736_c0_g1_i3 57.48 33.77 39.3427643861047 5.29802642581363
TRINITY_DN77442_c0_g1_i1 968.71 569.16 663.043307036595 9.3729592936065
TRINITY_DN77784_c0_g1_i3 61.73 36.27 42.2517196512568 5.40093815537928
TRINITY_DN77867_c0_g1_i1 10240.57 6016.79 7009.26118109624 12.7750466680503
TRINITY_DN778_c1_g3_i1 78.48 46.11 53.7164256962682 5.74729140557553
TRINITY_DN78517_c0_g1_i4 620.37 364.5 424.618488904102 8.73002338077668
TRINITY_DN78517_c0_g1_i5 494.83 290.74 338.691372671819 8.40382742797348
TRINITY_DN7861_c2_g1_i1 60.99 35.83 41.7452192050891 5.38353907992218
TRINITY_DN788_c0_g1_i10 128.52 75.51 87.9668072182007 6.45888734482771
TRINITY_DN79033_c0_g1_i1 85.75 50.38 58.6924503498343 5.87510303530383
TRINITY_DN7936_c0_g1_i7 60.28 35.42 41.2592525607932 5.36664578095412
TRINITY_DN7962_c3_g1_i1 196.17 115.26 134.270530438799 7.06899888802407
TRINITY_DN7981_c0_g1_i14 103.62 60.88 70.9237516647211 6.14819694760637
TRINITY_DN7981_c0_g1_i15 192.79 113.27 131.957055427925 7.04392467995202
TRINITY_DN7981_c0_g1_i9 278.49 163.63 190.61528277464 7.5745199832056
TRINITY_DN79_c2_g1_i1 54.01 31.74 36.9676879696158 5.20819291230828
TRINITY_DN7_c1_g1_i6 81.51 47.89 55.7903396853061 5.80194343029942
TRINITY_DN7_c3_g1_i8 68.15 40.04 46.6459532517925 5.54368002104887
TRINITY_DN8024_c1_g1_i1 58.71 34.5 40.1846502628428 5.32857262070425
TRINITY_DN8038_c2_g1_i2 87.76 51.56 60.0682150752357 5.90852988975949
TRINITY_DN8038_c2_g1_i5 240.64 141.38 164.708469413226 7.36377093103393
TRINITY_DN8051_c0_g1_i4 287.35 168.83 196.679598927404 7.61970350807906
TRINITY_DN808_c1_g1_i1 125.26 73.6 85.7354674148134 6.42182024296106
TRINITY_DN810_c2_g1_i6 1794.37 1054.27 1228.17460214848 10.2622999591711
TRINITY_DN81784_c0_g1_i4 66.21 38.9 45.3181007307584 5.50201549435706
TRINITY_DN81887_c1_g1_i3 54.25 31.88 37.1319583845891 5.2145895015755
TRINITY_DN8231_c0_g1_i4 218.22 128.21 149.36287481447 7.22267779053307
TRINITY_DN8249_c0_g1_i2 129.74 76.23 88.8018484943149 6.47251780283465
TRINITY_DN8254_c0_g1_i20 521.17 306.21 356.720050715139 8.47864849964816
TRINITY_DN8257_c0_g1_i1 96.54 56.72 66.0777744230088 6.0460931908009
TRINITY_DN8257_c0_g1_i2 1513.93 889.5 1036.22462225218 10.0171210543694
TRINITY_DN82609_c3_g1_i1 149.55 87.87 102.361002330236 6.67752236936301
TRINITY_DN829_c0_g1_i1 257.84 151.49 176.481182486312 7.46337055241584
TRINITY_DN8315_c0_g2_i5 61.89 36.36 42.361233261239 5.40467268596393
TRINITY_DN8334_c0_g1_i2 58.11 34.14 39.7739742254096 5.3137528186807
TRINITY_DN834_c0_g1_i1 571.99 336.07 391.504311085734 8.61288438374766
TRINITY_DN834_c0_g1_i5 85.94 50.49 58.8224977616882 5.87829614113023
TRINITY_DN834_c0_g1_i7 24860.9 14606.87 17016.2931650402 14.0546291736322
TRINITY_DN834_c270_g1_i1 11511.98 6763.8 7879.49054901791 12.9438866394497
TRINITY_DN83883_c0_g1_i1 111.2 65.34 76.1119589376277 6.25005124696716
TRINITY_DN8427_c0_g1_i1 1076.99 632.78 737.156642592047 9.52582740811591
TRINITY_DN8427_c0_g1_i2 856.91 503.47 586.520672061534 9.19603814705679
TRINITY_DN84611_c1_g1_i1 256.03 150.43 175.242309773389 7.45320732505069
TRINITY_DN84960_c0_g1_i3 72.79 42.77 49.8218479412763 5.63870662843464
TRINITY_DN8503_c0_g1_i4 614.72 361.18 420.751289551605 8.71682388302182
TRINITY_DN8503_c0_g1_i5 144.15 84.7 98.6649179933366 6.62446529573856
TRINITY_DN8503_c0_g1_i8 638.14 374.94 436.781344212749 8.77076742701571
TRINITY_DN8535_c0_g1_i6 201.36 118.31 137.822878162596 7.10667158051727
TRINITY_DN8546_c1_g1_i1 544.91 320.16 372.969132596247 8.54291242590392
TRINITY_DN8572_c0_g1_i8 88.66 52.09 60.6842291313855 5.92324972652156
TRINITY_DN8572_c0_g3_i1 104.46 61.37 71.4986981171276 6.15984506772855
TRINITY_DN858_c0_g1_i2 68.35 40.16 46.7828452642703 5.54790770184972
TRINITY_DN8600_c0_g1_i6 55.23 32.45 37.80272924573 5.24041849142736
TRINITY_DN863_c0_g2_i2 97.25 57.14 66.5637410673048 6.05666461411721
TRINITY_DN8646_c1_g1_i2 558.58 328.19 382.325701649101 8.5786583776411
TRINITY_DN8653_c1_g3_i1 57.73 33.92 39.5138794017019 5.30428758936408
TRINITY_DN8677_c0_g1_i2 91.7 53.88 62.7649877210473 5.97188809783871
TRINITY_DN8681_c1_g1_i4 80.66 47.39 55.2085486322756 5.78681976976217
TRINITY_DN869_c0_g1_i2 843.04 495.32 577.027210996202 9.17249554372977
TRINITY_DN86_c2_g1_i4 294.77 173.19 201.758292590328 7.65648416158299
TRINITY_DN8744_c0_g1_i1 502.95 295.51 344.249188378416 8.4273094427586
TRINITY_DN875_c9_g1_i1 87.11 51.18 59.623316034683 5.89780470996409
TRINITY_DN878_c2_g2_i2 54.92 32.27 37.5905466263895 5.23229798950339
TRINITY_DN8799_c1_g1_i4 621.4 365.1 425.323482768362 8.7324167003655
TRINITY_DN88078_c0_g1_i1 2492.85 1464.66 1706.25626652577 10.7366186292552
TRINITY_DN8824_c0_g1_i6 53.79 31.6 36.8171067558902 5.20230435294582
TRINITY_DN884_c2_g1_i2 101.8 59.81 69.6780343511736 6.12263202031935
TRINITY_DN8854_c1_g1_i6 96.18 56.51 65.8313688005489 6.040703290232
TRINITY_DN8878_c0_g1_i12 88.94 52.26 60.8758779488544 5.9277987687078
TRINITY_DN8902_c0_g1_i1 277 162.75 189.595437281681 7.56678043518021
TRINITY_DN8938_c0_g1_i2 73.35 43.1 50.205145576214 5.64976332991704
TRINITY_DN893_c0_g1_i5 57.55 33.81 39.3906765904719 5.29978229237589
TRINITY_DN895_c4_g1_i1 186.41 109.53 127.590200229885 6.99537371462451
TRINITY_DN8988_c1_g1_i3 53.73 31.57 36.7760391521469 5.20069420206341
TRINITY_DN9019_c0_g1_i7 61.35 36.05 41.9916248275491 5.39202970790656
TRINITY_DN9073_c0_g1_i2 66.69 39.18 45.646641560705 5.51243681310444
TRINITY_DN9085_c1_g1_i1 59.32 34.85 40.6021709009 5.34348496181092
TRINITY_DN91059_c0_g1_i2 64.87 38.11 44.4009242471575 5.47251780283465
TRINITY_DN9112_c0_g1_i4 93.61 55 64.0723064402098 6.00162901967955
TRINITY_DN91537_c0_g2_i2 71.04 41.74 48.624042832096 5.6035979457064
TRINITY_DN9173_c0_g1_i1 242.9 142.72 166.255349154225 7.37725694887952
TRINITY_DN918_c2_g1_i1 57.99 34.07 39.6918390179229 5.31077050228869
TRINITY_DN92010_c0_g1_i4 90.16 52.97 61.7109192249686 5.94745387952851
TRINITY_DN9204_c0_g1_i2 54.89 32.25 37.5700128245178 5.23150970333085
TRINITY_DN9225_c2_g1_i1 962.81 565.69 659.004992668501 9.36414558500927
TRINITY_DN9225_c4_g1_i1 176.62 103.77 120.889336219099 6.91754317826293
TRINITY_DN9225_c5_g1_i1 105.68 62.09 72.3337393932419 6.17659683060312
TRINITY_DN9296_c0_g1_i1 338.87 199.1 231.942981341672 7.85762638027475
TRINITY_DN9296_c0_g1_i3 266.33 156.48 182.292248415993 7.51010940496651
TRINITY_DN9320_c0_g1_i2 216.07 126.95 147.891285680335 7.20839323561159
TRINITY_DN93255_c1_g1_i1 78.46 46.1 53.7027364950204 5.74692369943339
TRINITY_DN9327_c0_g1_i1 178.32 104.77 122.05291832516 6.93136298061605
TRINITY_DN9328_c0_g1_i1 53.23 31.27 36.4338091209525 5.18720593028178
TRINITY_DN932_c3_g1_i1 154.1 90.54 105.475295614105 6.72076132075844
TRINITY_DN9373_c1_g1_i4 1400.93 823.11 958.880635202255 9.90520742449698
TRINITY_DN9412_c0_g2_i3 174.23 102.37 119.25347666999 6.89788751639493
TRINITY_DN9428_c0_g1_i1 61.77 36.29 42.2790980537524 5.4018726947097
TRINITY_DN9432_c2_g1_i2 283.72 166.7 194.195008900933 7.6013623116111
TRINITY_DN9469_c0_g3_i1 80.67 47.4 55.2153932328995 5.78699861995032
TRINITY_DN95341_c0_g1_i6 376.33 221.11 257.582855278754 8.00889276060509
TRINITY_DN9560_c0_g1_i1 107.2 62.99 73.3741186880728 6.19719936470143
TRINITY_DN956_c0_g1_i7 207.71 122.04 142.169199558765 7.15146513393817
TRINITY_DN959_c1_g1_i1 1716.29 1008.4 1174.73196047717 10.19811589813
TRINITY_DN95_c1_g1_i10 139.08 81.72 95.1947054770257 6.57280943108392
TRINITY_DN95_c1_g1_i8 94.58 55.57 64.7362327007269 6.0165015058141
TRINITY_DN960_c2_g1_i3 69.71 40.96 47.7137109491189 5.57633199164115
TRINITY_DN9646_c1_g1_i1 251.1 147.53 171.867921665812 7.42515648751516
TRINITY_DN9646_c1_g1_i2 57.03 33.51 39.0347573580298 5.286687396726
TRINITY_DN9685_c0_g1_i1 91.03 53.49 62.3063994792468 5.96130844469881
TRINITY_DN969_c0_g2_i4 218.89 128.61 149.821463056271 7.22710050533894
TRINITY_DN970_c1_g1_i3 137.71 80.91 94.2569951915532 6.55852778545618
TRINITY_DN97299_c0_g1_i8 57.81 33.97 39.568636206693 5.30628543637317
TRINITY_DN972_c0_g1_i1 281.38 165.32 192.593372354943 7.58941424687523
TRINITY_DN972_c0_g2_i2 54.31 31.91 37.1730259883324 5.21618422728049
TRINITY_DN9735_c0_g4_i1 56.25 33.05 38.5008785093665 5.26681946034805
TRINITY_DN9754_c0_g1_i4 857.89 504.05 587.191442922675 9.1976871338704
TRINITY_DN975_c0_g1_i4 96.57 56.74 66.0983082248805 6.04654144155513
TRINITY_DN9776_c0_g1_i3 123.3 72.45 84.3939256925314 6.39906725864649
TRINITY_DN98081_c0_g3_i1 58.85 34.58 40.2804746715773 5.3320087792821
TRINITY_DN984_c0_g1_i6 84.41 49.6 57.7752738662334 5.85238028825652
TRINITY_DN986_c1_g1_i1 58.92 34.62 40.3283868759445 5.33372379439214
TRINITY_DN990_c2_g1_i3 6030.53 3543.2 4127.65694003716 12.0111073543879
TRINITY_DN9925_c0_g1_i2 130.18 76.49 89.103010921766 6.47740227824519
TRINITY_DN995_c0_g1_i1 659.99 387.77 451.736796575943 8.81933862419546
TRINITY_DN995_c0_g1_i2 282.87 166.2 193.613217847902 7.59703363759736
TRINITY_DN995_c0_g1_i3 224.96 132.17 153.976135634971 7.26656295842883
TRINITY_DN996_c1_g2_i1 6371.4 3743.48 4360.96884150361 12.0904329672694
TRINITY_DN9979_c1_g1_i1 59.5 34.96 40.7253737121299 5.34785603243896
TRINITY_DN9993_c0_g3_i5 66.61 39.14 45.5918847557139 5.51070514593073
TRINITY_DN9994_c0_g2_i3 169.05 99.32 115.707973546816 6.85434447513703
TRINITY_DN9999_c1_g2_i4 88.12 51.77 60.3146206976956 5.91443585905718
